878
11
368
427
662
600
534
922
139
335
215
630
388
274
658
916
422
631
560
770
527
806
395
559
675
681
33
758
564
728
931
610
63
77
407
552
154
380
20
380
519
302
510
299
153
448
165
486
525
849
22
658
666
86
186
80
615
396
515
777
565
451
687
833
908
456
258
970
412
300
182
655
478
577
704
60
774
574
243
603
709
822
719
665
203
851
125
201
690
829
917
875
29
620
526
848
300
78
327
227
697
225
991
141
75
346
748
735
159
214
403
47
123
323
126
598
323
187
187
836
258
171
327
336
233
347
769
675
406
849
460
928
130
910
481
73
753
337
425
967
788
696
901
906
877
593
849
314
78
956
712
157
675
490
259
288
265
521
964
559
571
26
148
519
39
702
426
172
476
538
289
98
817
826
189
7
752
509
654
127
289
704
729
923
843
468
353
746
956
796
483
340
877
97
907
632
32
771
870
988
577
81
931
97
167
900
572
128
141
197
336
463
401
192
852
295
256
691
697
739
169
524
155
683
362
661
234
444
355
433
255
516
587
902
110
666
343
789
725
923
230
37
584
569
53
129
906
155
280
836
750
667
416
365
847
489
78
928
55
98
390
117
809
961
478
634
362
833
18
221
217
8
696
863
267
857
562
802
288
358
479
162
459
494
769
807
623
762
363
470
583
268
919
807
943
292
861
381
862
669
439
731
657
827
977
184
93
55
236
805
258
5
487
812
352
519
524
849
294
331
556
320
54
300
347
896
951
398
852
716
247
285
595
550
885
853
237
752
624
29
358
834
547
278
596
405
252
636
255
341
239
454
461
279
497
471
646
365
516
651
554
920
73
891
822
198
164
466
961
298
240
610
863
733
101
523
257
65
404
659
846
439
216
917
899
692
754
772
457
735
989
253
948
793
449
113
313
38
720
782
209
701
995
348
732
190
331
428
842
248
350
977
90
493
737
935
851
783
253
73
719
269
359
435
278
467
969
824
551
563
292
290
990
975
548
743
714
930
833
589
656
272
871
802
187
170
481
589
75
239
992
949
246
963
482
100
287
163
187
397
647
705
52
50
572
371
974
910
270
860
873
17
290
140
304
177
662
236
855
68
571
679
317
816
389
136
109
210
479
662
109
49
503
378
211
655
44
21
522
52
969
581
707
908
266
3
373
437
108
853
381
971
949
937
142
470
456
849
648
810
370
599
938
760
711
95
697
991
714
903
186
833
375
927
73
903
220
733
924
805
874
76
457
514
169
669
968
93
126
164
832
642
243
607
595
633
125
658
925
804
316
628
642
676
383
122
488
663
652
28
485
928
222
344
190
249
285
178
494
362
999
927
796
650
471
651
502
97
429
459
614
830
384
996
504
181
647
932
772
25
747
94
273
668
260
404
871
218
271
540
528
117
367
252
955
227
789
784
566
280
26
257
239
15
710
440
57
895
640
251
763
668
819
418
618
356
298
767
168
210
27
120
595
647
791
778
552
529
181
81
424
966
614
67
723
990
941
776
196
667
835
69
74
555
259
906
133
251
248
903
807
595
36
849
998
881
133
182
58
545
498
477
764
465
537
534
557
408
698
112
207
886
711
267
780
33
707
539
723
657
432
798
494
65
682
831
88
206
216
93
551
344
339
490
637
714
784
531
627
405
623
746
869
749
914
835
417
28
189
438
322
106
917
407
32
526
74
868
617
11
832
953
13
838
343
626
91
505
763
439
261
169
71
3
772
476
262
754
302
158
312
525
760
457
980
256
687
296
167
741
248
604
690
313
903
342
223
930
226
306
971
720
465
28
175
507
560
658
615
94
353
177
788
833
77
408
848
124
374
474
543
45
670
227
671
717
20
114
535
905
2
843
695
395
582
838
706
319
774
479
825
410
626
321
613
608
61
933
970
592
197
613
944
65
912
346
819
415
312
858
18
44
670
139
166
930
493
169
532
661
1
453
811
609
110
644
555
527
477
366
950
738
585
454
324
535
394
372
908
200
267
720
564
70
967
943
226
84
282
666
829
251
685
891
685
659
192
744
626
43
165
300
47
722
874
722
190
891
755
408
803
742
218
886
413
490
19
864
431
402
736
502
516
665
611
814
335
372
603
979
369
158
760
634
815
872
540
332
281
771
386
438
375
549
899
563
124
713
218
176
67
136
833
119
612
998
799
400
227
676
222
651
340
834
397
409
526
361
431
293
23
630
30
363
307
222
558
578
933
423
416
675
31
635
742
554
359
49
922
69
888
594
990
361
953
689
983
809
781
78
209
370
223
67
790
262
816
533
233
775
466
466
846
645
241
713
219
921
245
219
645
278
355
736
164
94
333
954
249
51
958
327
443
398
955
883
949
39
412
758
551
412
790
7
419
409
750
364
395
442
903
491
609
643
652
19
951
50
236
428
594
732
116
618
337
171
945
204
96
156
513
221
900
691
422
618
286
57
216
679
615
262
140
920
667
504
624
268
148
267
390
667
892
783
116
259
948
780
281
60
673
527
118
558
26
557
41
211
858
418
154
927
686
0
433
27
354
683
133
681
964
914
918
861
764
648
397
353
402
280
463
774
427
243
962
597
18
240
269
415
153
803
223
80
252
88
900
500
70
486
864
165
649
661
919
739
207
160
89
374
773
508
21
641
610
495
758
308
373
489
520
15
228
152
804
563
834
677
719
673
200
107
495
966
816
455
228
730
732
732
886
362
925
495
183
254
936
204
85
444
539
294
156
850
968
197
387
403
613
251
524
841
734
612
504
288
163
260
267
474
674
329
800
994
898
774
483
179
583
704
166
118
267
781
611
256
413
526
441
997
105
731
138
984
205
812
991
840
179
125
54
491
807
640
777
536
143
258
389
673
742
928
899
902
828
591
986
161
44
158
427
110
202
606
521
726
964
678
694
751
495
601
350
735
582
36
567
426
577
498
803
268
429
523
313
226
378
371
659
242
510
177
579
793
598
958
90
97
728
12
542
282
537
504
994
32
469
622
419
488
188
582
430
938
960
903
989
257
270
867
850
748
96
754
458
320
489
238
846
452
435
986
761
272
81
862
874
609
73
826
726
987
820
250
264
650
407
788
701
589
473
683
942
313
726
348
947
468
116
84
786
679
674
509
780
831
554
401
868
582
17
105
737
932
332
454
796
209
851
653
27
94
817
241
815
574
384
338
344
827
535
58
864
861
817
628
53
587
498
171
71
138
770
577
469
944
457
272
35
356
290
364
326
180
649
945
888
865
843
515
852
677
180
823
707
426
662
210
471
280
258
672
6
663
501
910
54
61
606
332
79
509
601
740
850
453
49
924
889
235
798
80
461
897
263
773
263
480
712
478
630
960
757
758
564
205
372
690
696
179
161
135
261
446
922
292
826
94
686
749
458
506
204
588
784
351
52
481
946
322
780
500
812
697
243
914
845
118
709
626
263
767
35
816
994
172
858
417
948
600
884
727
325
471
962
864
419
929
574
913
257
51
434
432
511
971
598
706
304
111
589
947
784
530
638
302
42
596
165
604
11
555
497
992
722
326
250
381
463
769
938
347
410
28
121
57
286
578
939
413
266
855
109
693
765
881
51
196
96
185
392
533
686
935
773
820
171
392
17
725
1
692
545
282
225
573
436
437
64
502
159
349
558
374
415
480
299
638
734
212
754
720
259
264
111
302
123
474
260
926
657
378
944
657
104
71
935
405
910
52
293
156
414
165
409
349
131
238
211
396
42
335
443
709
230
888
276
226
211
13
552
825
915
838
936
152
443
451
770
149
212
183
795
532
822
194
82
797
806
137
757
51
259
685
553
13
13
393
804
680
878
886
653
533
195
501
807
29
195
363
888
277
66
872
93
281
640
404
561
931
93
421
599
945
187
113
839
307
306
893
969
410
42
519
198
321
593
84
351
434
279
401
783
179
261
803
933
726
309
385
604
265
247
113
88
356
921
362
614
325
264
267
810
776
735
553
948
496
318
897
335
769
592
327
119
696
730
40
144
603
883
538
632
435
892
814
931
893
635
656
327
421
444
344
244
829
273
197
464
357
515
996
654
185
823
431
206
802
748
918
738
667
518
270
539
69
693
569
575
263
355
465
949
487
848
724
643
509
270
19
600
715
571
457
798
394
162
557
697
879
912
971
938
663
379
95
230
149
844
935
235
598
993
486
880
735
956
853
272
429
494
138
960
445
314
34
676
57
70
103
934
794
924
913
460
741
276
168
964
798
967
611
827
991
684
979
584
961
308
309
632
609
633
12
434
567
80
688
255
713
606
191
519
405
822
955
853
188
354
498
107
395
350
495
523
396
493
655
671
492
438
746
616
455
993
334
842
664
566
744
146
718
491
308
490
22
901
998
132
736
439
542
974
731
151
106
180
640
84
982
636
370
805
729
338
346
98
841
403
917
645
543
532
443
262
876
457
710
126
685
156
801
361
918
507
869
973
926
135
549
647
671
576
26
403
925
385
448
821
856
792
894
151
476
265
401
982
295
916
948
808
939
980
302
404
421
381
454
246
847
898
221
820
747
787
234
423
195
906
629
166
183
254
553
786
374
129
62
841
886
439
41
543
578
546
564
84
59
909
79
356
983
704
322
450
815
657
769
513
323
646
512
57
640
305
985
563
84
234
692
954
576
805
878
196
850
984
890
45
685
253
294
926
338
278
524
211
556
744
393
630
653
734
636
652
519
708
474
759
671
399
704
96
45
835
415
644
294
491
406
159
137
643
463
724
492
282
292
549
15
859
390
209
826
39
241
399
670
205
350
898
538
578
592
281
772
963
201
959
257
371
315
154
756
661
375
143
898
92
825
158
249
866
191
999
414
352
379
203
769
893
716
110
941
676
310
49
219
425
604
118
371
82
85
576
399
601
815
868
980
609
479
149
123
148
383
946
999
490
81
184
512
406
778
946
414
384
700
353
586
963
3
185
35
233
311
605
999
859
631
224
425
361
367
504
144
972
240
242
980
802
113
492
351
402
268
358
862
878
851
388
989
531
794
442
744
899
850
646
818
812
621
724
155
986
225
197
43
92
874
818
284
407
944
93
385
428
548
392
622
204
517
872
683
9
487
170
417
366
244
751
966
261
466
294
218
908
288
322
896
590
738
699
925
59
917
446
438
845
172
540
648
892
385
241
886
263
589
488
517
52
345
436
548
815
702
958
937
745
611
908
147
395
674
653
78
112
826
44
60
151
980
695
418
953
712
618
275
477
354
194
588
150
653
215
547
115
27
212
189
781
387
437
108
639
683
261
59
143
719
121
568
280
496
893
514
197
786
239
394
828
135
485
432
71
127
560
740
349
231
583
188
709
637
800
205
553
743
824
444
887
396
545
234
984
932
13
251
543
290
661
956
43
214
49
664
501
295
887
192
215
949
710
958
481
117
588
890
852
67
345
205
508
144
828
94
793
293
386
224
195
400
539
98
865
308
718
139
207
145
904
120
259
870
911
382
717
616
172
242
670
602
956
851
83
370
388
299
356
501
764
269
950
672
370
306
285
758
842
218
185
349
892
550
911
106
589
959
492
560
505
720
574
699
343
496
792
657
54
863
877
90
59
46
33
151
120
324
631
31
418
562
433
690
66
535
531
441
762
425
2
688
299
665
160
649
397
235
532
862
174
652
517
861
801
91
354
741
812
755
54
587
542
468
727
54
634
766
751
507
966
32
520
621
10
90
554
289
35
586
202
858
261
33
175
819
965
940
284
120
288
375
737
46
606
101
458
390
749
501
214
538
600
329
107
891
789
183
485
991
389
433
553
927
4
699
746
400
224
729
449
236
350
992
71
634
699
428
633
746
359
887
208
545
660
676
185
836
747
933
664
941
753
858
563
864
319
677
2
265
99
897
855
998
421
741
452
117
788
489
493
128
701
515
729
390
810
125
499
948
915
121
748
260
145
591
664
812
320
369
127
179
337
525
675
523
177
970
628
549
39
456
360
976
588
41
716
445
919
47
654
530
872
170
524
852
752
768
482
314
977
394
562
740
188
89
135
789
622
889
830
254
656
873
328
706
837
965
318
591
163
37
688
25
270
409
133
891
529
625
434
79
434
169
108
140
939
743
525
426
959
455
775
451
809
367
229
40
237
977
658
27
342
64
440
588
324
452
315
388
900
364
745
698
195
754
850
57
620
813
647
699
53
37
765
11
917
551
453
295
328
77
316
918
767
65
223
688
245
541
880
352
688
66
204
503
925
77
780
70
305
411
869
75
527
867
2
64
936
153
160
39
849
482
578
450
7
507
458
940
873
950
609
941
214
201
462
391
783
935
503
333
402
852
684
765
997
814
731
522
382
413
967
316
360
436
935
522
882
329
700
104
978
99
535
338
199
776
550
105
502
436
31
787
449
273
133
572
214
147
403
693
173
968
51
706
755
85
178
157
847
259
743
615
953
580
412
196
406
447
857
841
538
716
351
381
979
869
354
675
567
201
278
925
756
529
104
838
47
995
997
702
735
262
646
564
180
52
20
429
477
109
129
590
381
787
551
780
600
665
914
430
821
487
882
68
88
408
493
939
98
866
22
276
293
874
993
7
677
469
469
389
287
789
271
334
409
0
884
727
724
951
526
77
951
748
360
24
248
108
31
901
900
823
20
846
370
715
5
965
60
223
904
243
174
914
727
48
594
245
262
147
247
816
575
678
249
1
634
520
884
873
841
476
417
680
685
437
166
158
418
166
427
852
43
61
803
962
820
549
429
900
398
288
573
339
122
541
998
618
623
813
537
887
175
471
808
183
549
711
492
618
366
72
817
178
736
282
670
274
589
134
21
5
39
873
253
904
3
217
986
929
561
284
155
995
115
209
324
18
504
730
157
685
324
994
759
416
389
997
407
350
121
869
6
483
263
929
339
604
988
100
972
792
344
636
51
497
248
836
105
170
423
505
100
867
628
334
547
26
943
626
739
757
357
763
244
643
565
548
321
580
666
377
599
133
361
437
280
355
507
952
574
102
365
978
595
513
146
710
118
749
359
85
547
50
306
643
149
184
558
163
382
182
773
972
315
991
142
745
573
392
331
300
124
511
571
63
530
269
991
470
18
307
194
190
357
103
727
462
325
618
158
795
449
900
718
745
779
291
747
506
694
528
123
710
651
173
340
488
289
698
95
805
857
993
660
988
90
720
350
312
576
771
830
676
620
407
917
372
52
592
343
480
981
277
214
223
970
594
293
844
600
24
717
779
300
601
305
573
45
432
616
395
478
198
848
216
529
649
843
666
433
306
38
521
146
420
165
559
237
374
355
468
982
741
70
987
421
514
695
639
482
95
558
750
331
733
790
344
607
492
932
199
795
570
392
730
390
483
778
459
462
138
340
462
980
805
722
651
205
246
545
209
835
164
748
181
627
395
677
664
130
645
619
433
496
279
417
975
73
877
357
781
313
102
893
383
338
990
330
16
176
13
5
975
499
781
829
436
605
92
540
226
338
492
296
169
408
961
274
55
974
547
994
309
159
181
613
745
857
888
81
698
800
423
840
340
233
280
885
497
249
965
261
140
815
528
21
82
223
710
116
24
41
646
240
992
861
999
741
661
144
802
228
76
213
512
751
444
30
882
352
486
295
14
942
2
119
191
521
234
886
794
462
665
239
56
882
406
771
409
763
619
707
301
768
160
48
786
41
560
149
587
651
298
397
154
557
895
194
130
940
275
119
458
85
149
232
297
623
672
386
467
134
223
14
821
152
516
651
930
696
460
484
917
945
830
11
212
488
667
175
940
465
443
114
440
894
379
464
849
359
925
435
895
68
706
818
505
30
229
777
168
208
758
378
331
137
179
484
15
86
862
0
218
689
389
10
704
582
401
26
881
678
302
303
809
722
279
226
918
381
957
969
348
679
473
377
815
771
453
507
408
256
358
185
783
464
46
599
535
613
184
452
654
712
326
97
978
920
942
208
897
537
732
510
973
444
360
695
760
480
63
111
902
48
497
460
435
450
188
419
461
61
547
541
998
790
171
344
440
509
458
992
110
544
690
522
649
468
16
222
174
968
245
29
65
841
750
842
93
750
448
914
242
434
235
402
30
943
399
172
978
510
700
664
318
634
395
277
347
467
124
620
739
64
647
844
762
251
685
997
896
332
409
450
10
885
67
88
374
514
499
682
811
686
803
630
782
203
7
646
427
181
91
798
383
669
116
740
305
790
397
28
38
790
302
532
774
21
603
319
63
484
241
512
77
816
201
201
563
880
626
585
171
23
622
732
909
517
317
312
483
139
60
776
136
736
576
397
548
280
141
384
807
893
904
552
577
572
816
688
101
508
187
243
758
291
357
264
846
509
377
831
932
749
439
82
168
377
905
211
795
394
768
782
776
169
744
88
787
148
217
631
662
657
612
908
475
533
688
657
187
634
201
1
782
90
318
837
269
879
822
55
648
652
118
860
639
625
496
907
89
401
761
128
851
58
954
38
148
263
61
230
693
830
370
856
287
694
409
641
628
455
552
988
942
491
992
699
895
214
643
204
708
374
519
249
145
69
709
801
889
538
796
378
759
858
796
544
500
889
586
497
164
5
99
606
95
328
332
312
459
898
587
20
669
865
579
638
313
96
385
250
117
241
231
823
909
13
489
591
773
137
244
735
508
974
672
833
989
119
232
475
590
732
946
661
752
612
958
586
239
126
118
482
952
453
119
343
70
712
918
576
603
321
583
641
162
165
301
555
278
711
714
169
649
473
9
137
19
17
934
837
195
318
445
944
380
15
854
923
935
411
42
928
927
187
984
460
921
510
879
580
117
358
353
341
365
87
175
35
255
260
966
94
777
444
718
507
664
731
566
126
986
1
87
456
834
180
197
276
495
139
738
848
176
795
900
762
575
249
816
168
883
783
199
144
879
844
612
425
453
871
409
567
838
879
868
414
912
645
670
470
438
569
725
562
330
98
618
238
463
492
192
662
36
651
326
86
964
253
316
309
334
109
825
896
561
791
550
491
14
390
330
37
5
728
683
206
601
667
979
755
377
538
320
264
814
487
850
705
687
330
461
566
991
8
815
717
608
80
530
46
485
104
9
595
961
125
695
267
464
89
476
543
58
258
230
334
841
472
916
568
12
587
533
821
70
295
4
738
778
92
761
973
251
373
828
418
161
388
216
517
206
506
821
619
21
335
663
549
647
687
422
3
401
842
842
258
3
556
764
381
629
102
854
937
270
878
511
171
373
744
175
422
755
565
711
264
463
557
466
760
664
132
625
766
55
888
391
580
664
238
528
217
963
678
449
301
141
707
47
426
672
147
165
411
858
25
577
9
748
724
239
163
327
513
594
250
266
468
54
42
431
723
396
99
124
689
596
894
701
399
689
332
402
377
414
724
145
398
334
497
714
421
559
660
953
930
280
896
203
851
197
842
846
83
627
508
837
335
173
314
706
160
430
854
786
25
987
727
447
32
453
225
283
855
865
941
650
87
297
76
456
182
759
583
388
627
624
294
379
897
293
119
972
975
799
425
595
398
799
239
183
619
548
843
953
750
890
239
124
884
709
811
708
462
806
998
960
199
919
875
719
603
16
200
311
376
420
144
296
520
805
783
95
83
494
134
250
795
265
625
604
547
700
776
493
343
341
400
224
92
371
759
393
692
281
609
467
856
349
880
703
629
333
131
221
581
821
639
931
380
607
71
713
87
75
406
4
757
116
561
129
298
208
254
81
454
721
324
867
676
781
250
336
955
997
375
91
82
728
943
941
599
186
720
254
597
999
755
740
213
465
214
698
716
883
159
813
677
264
372
762
697
136
220
34
934
362
77
575
505
646
146
915
870
696
569
721
515
24
579
599
487
101
797
574
106
135
654
712
939
379
716
444
860
959
22
764
10
899
614
200
383
251
417
274
173
785
152
372
347
524
82
753
359
482
250
400
896
305
358
99
952
186
560
740
231
4
882
993
467
619
25
665
473
142
301
486
791
484
584
632
638
403
416
597
997
345
120
485
969
438
57
507
981
990
832
277
74
3
695
478
325
74
772
265
830
319
896
630
178
375
225
226
864
91
481
28
434
247
523
408
915
563
655
766
790
34
387
687
482
956
960
907
247
303
353
891
944
373
699
148
415
420
868
761
955
931
531
208
633
252
439
369
106
997
860
199
929
82
853
206
16
790
206
576
652
727
176
981
12
940
167
919
847
989
603
449
131
247
424
211
176
767
33
50
911
208
427
0
720
976
229
102
573
488
599
349
75
525
725
506
134
428
570
258
824
928
230
502
68
617
412
51
182
861
555
886
670
629
602
504
89
615
141
22
414
12
102
631
377
441
483
343
44
602
193
392
559
580
603
829
910
387
151
219
684
36
983
557
965
498
863
548
880
705
485
808
534
512
154
909
428
504
553
106
425
824
902
659
311
788
920
287
64
628
434
104
82
138
882
200
845
901
354
329
656
617
292
476
86
792
644
240
345
658
682
809
587
122
570
271
2
946
422
229
570
167
931
348
102
978
375
378
474
261
5
540
530
347
469
516
428
225
208
264
566
0
152
304
922
331
249
248
240
869
638
87
97
880
827
332
294
376
106
269
266
985
954
337
76
607
497
804
414
151
537
753
237
848
437
693
305
827
806
411
723
635
271
588
540
902
418
685
252
410
502
326
314
435
420
909
447
995
895
920
667
259
289
954
616
711
584
446
713
874
445
175
281
88
869
806
574
67
622
289
542
256
954
174
739
724
503
314
394
622
441
368
436
462
865
36
952
797
700
634
868
279
229
353
341
606
840
976
600
101
743
781
977
420
495
25
944
723
521
908
309
547
212
455
6
781
506
682
43
990
934
346
519
653
414
506
389
503
949
602
318
547
373
352
712
703
997
841
814
433
470
250
450
857
27
522
757
433
726
488
517
581
617
351
112
916
127
7
153
144
928
290
702
559
606
437
161
362
703
156
954
964
713
162
555
630
892
451
826
780
478
96
977
140
680
941
697
157
190
873
186
817
587
130
996
790
680
710
274
114
65
293
851
691
674
848
112
851
173
102
625
940
669
349
916
695
184
232
337
884
30
515
532
149
73
517
317
746
174
415
832
894
370
274
481
133
994
87
687
714
6
288
925
832
866
205
132
91
16
441
156
181
837
110
482
79
849
343
89
565
890
722
922
217
754
90
792
500
554
308
812
866
421
761
227
149
756
391
218
65
512
772
426
471
498
994
464
801
462
511
717
813
996
6
185
728
779
330
952
244
510
901
686
867
67
465
564
322
228
778
558
819
701
157
1
499
499
222
255
673
312
532
596
595
3
299
378
275
558
425
678
546
684
303
175
140
749
889
347
898
666
976
688
501
295
159
256
361
774
87
256
887
375
937
718
751
907
466
125
636
621
708
439
63
590
955
520
789
28
68
645
43
177
128
238
18
520
66
111
535
379
192
818
845
246
114
346
245
979
80
151
331
964
221
580
350
643
382
272
86
764
580
414
588
439
212
75
961
891
843
879
824
766
20
111
216
799
310
649
104
884
203
93
696
787
221
668
138
316
371
936
799
35
271
627
987
147
827
592
703
671
666
699
131
503
245
878
705
567
450
130
939
118
490
882
544
593
270
477
121
291
614
228
288
160
306
426
728
228
342
573
979
450
379
120
75
619
86
529
38
987
546
109
427
336
38
255
131
863
839
9
607
215
578
593
588
8
913
632
40
809
958
372
292
174
982
48
966
855
320
511
48
835
998
819
122
863
674
403
591
307
813
759
765
957
310
601
350
70
391
912
257
658
779
902
438
993
378
235
796
154
816
812
63
229
39
354
255
413
613
855
191
201
265
896
256
894
618
524
875
534
299
264
780
612
461
44
418
885
63
523
317
763
958
157
630
993
142
220
577
247
101
525
623
978
691
556
387
255
943
731
97
354
410
967
149
575
738
346
526
960
74
470
882
430
679
436
915
536
405
825
19
132
179
874
489
657
461
752
423
253
543
834
320
853
802
391
565
413
965
620
76
765
740
31
608
740
821
299
404
43
563
516
359
276
77
465
232
114
926
89
948
282
945
238
901
745
224
275
35
86
321
869
694
691
91
807
948
850
974
924
386
512
936
605
678
724
678
682
527
26
244
252
104
204
731
924
779
916
829
466
46
217
96
610
468
662
898
638
256
833
554
260
639
958
806
234
688
277
682
567
665
889
921
839
304
692
729
455
562
823
229
63
198
560
561
976
360
333
242
986
708
275
730
674
12
648
957
130
751
61
965
644
561
647
715
871
136
610
996
807
543
733
114
743
578
322
9
756
811
118
679
284
411
652
384
694
153
326
393
700
936
566
592
193
941
290
903
404
103
18
477
906
644
42
411
60
924
674
68
775
572
831
927
951
645
12
20
137
429
75
456
868
935
158
626
518
685
804
253
635
69
653
407
691
939
285
147
643
377
405
962
840
637
719
906
469
229
479
581
905
342
947
15
473
521
337
265
891
782
631
123
292
928
992
94
383
598
933
467
775
621
945
646
263
391
419
459
209
128
875
596
864
703
835
985
154
731
907
743
726
235
554
995
168
988
608
158
564
213
273
132
745
922
502
784
156
349
629
768
287
92
957
184
189
391
923
845
112
376
382
883
115
737
303
342
571
633
962
957
336
261
623
796
693
58
231
821
569
44
442
568
143
768
150
633
247
522
913
859
326
291
483
761
271
207
676
505
111
435
31
541
764
499
382
739
815
272
148
291
985
254
65
484
797
842
785
166
269
410
141
831
183
6
48
140
783
762
968
194
905
360
289
891
126
600
653
37
290
644
444
241
139
198
240
570
531
848
340
175
627
671
406
323
979
22
518
155
319
556
62
681
998
284
954
940
534
51
721
660
703
299
762
412
447
311
632
942
862
314
75
832
287
80
863
131
329
881
371
304
829
544
92
336
810
398
976
932
321
831
227
470
611
474
126
183
369
968
610
899
613
198
716
932
859
36
606
615
481
844
47
436
96
127
329
897
968
716
757
924
360
803
794
219
321
395
870
394
552
522
397
698
637
187
272
915
491
441
5
536
71
480
332
329
30
14
566
784
35
8
212
687
742
213
823
366
497
861
814
473
225
839
548
742
782
833
393
750
348
52
72
525
290
962
293
722
692
930
386
494
380
79
286
62
4
4
742
681
885
601
202
572
317
81
581
332
596
6
34
659
311
959
203
907
364
122
141
947
390
445
355
188
742
641
123
891
464
34
926
938
103
633
684
173
881
698
308
544
292
303
936
751
995
202
186
147
696
169
511
668
146
553
596
38
683
355
160
755
484
857
10
868
921
448
59
85
570
38
45
213
145
803
578
461
724
594
943
737
217
562
210
160
235
134
404
487
650
713
712
681
413
194
363
143
738
144
172
346
687
452
889
554
166
309
315
762
281
717
818
977
828
835
976
655
982
828
341
770
19
735
579
591
708
801
162
254
263
328
608
744
567
189
995
516
225
520
317
297
213
172
700
416
59
273
801
585
773
911
565
230
431
661
771
771
995
613
648
334
191
202
549
523
501
451
956
485
943
105
913
190
47
621
493
404
153
946
636
739
860
831
331
599
947
787
103
376
399
14
937
167
558
546
911
289
631
378
772
976
6
817
377
24
690
615
54
29
620
949
802
903
853
360
805
91
892
659
380
822
40
794
143
188
874
85
295
859
635
376
363
590
608
276
518
519
189
854
32
655
135
447
586
412
867
76
313
472
138
30
380
798
593
822
356
534
516
313
376
611
93
283
334
747
145
96
144
742
877
885
151
941
405
250
784
296
615
909
597
605
268
656
791
223
800
207
284
380
150
521
374
912
459
162
932
548
559
332
600
828
819
639
215
86
10
303
377
861
827
644
984
283
461
920
541
178
368
937
573
273
250
307
510
196
503
988
808
4
855
895
884
283
307
511
494
424
610
450
75
590
303
692
872
522
78
571
506
805
286
905
823
102
890
423
62
500
864
17
895
684
541
50
408
422
455
0
655
339
940
419
335
485
498
42
412
146
601
905
272
26
416
767
574
385
424
769
58
181
703
635
49
669
122
66
353
778
861
387
14
260
76
875
690
106
866
231
578
44
779
479
859
50
791
294
4
367
702
756
992
459
207
153
128
559
454
876
270
210
577
663
617
933
696
788
348
1
342
542
575
624
23
689
766
415
107
579
710
262
542
871
195
621
530
806
306
27
196
486
67
870
808
934
768
446
718
761
975
636
195
243
490
383
772
126
162
710
954
431
253
364
31
37
840
205
266
650
651
297
691
46
611
624
960
766
121
539
105
640
945
550
598
996
277
87
611
157
978
973
431
728
893
799
983
467
210
983
902
584
325
406
526
319
787
866
372
168
598
777
277
303
968
295
83
736
561
470
142
138
241
624
957
962
23
915
336
14
788
21
481
520
925
72
910
814
878
72
848
389
974
945
575
739
299
50
729
626
742
319
753
870
20
330
645
427
381
529
33
759
323
257
858
145
297
564
83
364
544
876
186
333
210
597
810
551
551
306
113
560
760
229
74
137
846
220
613
214
793
388
411
738
254
136
164
601
818
84
847
970
733
734
642
876
305
475
270
284
440
969
629
64
63
747
531
727
981
991
28
910
363
519
330
107
425
860
550
400
924
820
716
167
927
522
456
699
170
398
899
193
58
160
647
749
881
875
388
706
721
543
279
570
193
980
893
240
167
810
358
950
933
488
41
464
388
889
785
233
867
124
399
22
49
920
854
224
319
633
587
532
369
88
968
18
809
445
605
429
920
827
984
231
330
154
694
884
113
986
9
932
518
583
912
98
163
168
969
717
843
1
692
310
193
818
303
911
509
368
351
747
593
127
176
947
628
993
591
58
758
646
755
204
632
690
418
750
606
365
115
569
858
910
745
42
213
609
255
946
357
49
934
681
971
844
10
980
950
78
487
904
567
802
471
652
796
743
342
715
923
125
737
107
51
296
162
918
29
340
624
970
245
584
807
69
906
459
180
764
236
433
729
448
929
251
915
312
964
274
496
384
654
420
149
64
152
82
728
102
890
41
157
131
257
711
926
441
137
152
25
641
750
953
203
785
923
984
640
199
705
334
502
681
367
317
182
358
416
476
424
518
524
286
825
315
248
346
24
80
678
696
557
232
525
88
230
942
950
34
30
514
731
948
985
517
244
996
194
272
10
492
692
530
582
608
98
602
608
814
727
637
541
23
392
17
215
508
640
964
985
911
607
734
438
37
174
749
79
268
215
952
403
111
961
164
752
322
328
716
672
505
927
527
38
451
903
748
410
207
988
855
283
691
167
586
489
985
694
182
291
264
82
236
29
445
451
379
946
660
642
142
892
182
196
698
263
590
500
584
254
453
117
258
646
442
888
351
137
640
528
178
679
9
914
604
625
41
985
420
95
799
237
790
870
298
227
737
517
486
832
559
913
950
373
829
859
877
145
596
682
993
964
171
843
962
555
466
108
557
243
512
582
824
993
56
396
602
979
115
382
396
130
825
108
92
949
800
896
883
621
890
913
249
545
272
49
475
485
892
235
2
793
315
452
293
844
719
328
33
583
416
477
778
605
777
338
391
927
883
252
967
826
706
752
247
304
269
316
912
61
980
129
634
438
901
241
114
882
338
66
929
929
864
577
462
467
139
801
649
666
605
227
328
839
804
558
723
973
623
777
524
860
723
220
30
672
703
191
568
178
942
364
873
33
934
715
15
739
881
536
879
690
253
8
366
424
773
702
945
526
544
745
218
62
435
290
659
860
83
458
452
765
798
746
705
963
682
996
34
260
74
421
248
641
654
79
900
974
355
576
768
92
310
116
209
556
953
191
675
206
370
875
233
190
871
856
839
154
434
305
686
564
581
416
36
929
499
271
571
537
586
67
447
662
528
796
575
446
476
143
655
445
3
659
533
591
152
0
778
660
273
679
200
541
804
548
844
523
527
43
883
474
309
677
287
198
889
813
695
406
669
811
134
676
376
384
770
97
303
213
329
125
374
405
273
873
337
886
477
275
145
533
533
108
242
360
53
291
227
886
671
537
123
948
324
581
325
723
904
284
210
64
323
725
819
669
475
887
838
320
110
942
361
583
794
423
914
329
791
368
585
820
824
551
939
124
663
407
472
604
895
80
287
734
283
907
839
364
865
443
236
738
967
539
12
542
914
622
710
936
810
472
275
982
343
702
957
632
361
23
176
48
45
900
615
53
687
614
561
42
562
132
786
276
7
85
415
643
115
632
288
314
99
834
625
637
111
155
13
844
531
721
920
178
177
248
793
466
632
540
446
526
527
300
310
652
989
27
99
45
135
83
582
100
555
137
714
862
61
301
919
116
206
231
205
368
595
973
715
740
199
909
656
481
463
535
486
243
834
971
577
308
617
78
540
708
801
854
262
987
908
870
713
966
697
59
854
553
737
387
185
105
362
498
4
636
860
337
593
383
422
194
385
58
910
840
19
504
532
101
64
705
186
612
591
734
760
387
521
333
602
173
132
763
806
28
417
406
618
836
914
278
489
939
986
476
585
368
667
798
978
589
40
138
278
981
944
105
797
266
291
586
103
437
680
302
603
181
441
386
37
140
795
454
779
517
580
198
140
436
554
12
810
403
444
161
876
335
593
72
769
359
315
283
953
99
825
779
84
981
862
453
877
693
318
399
940
659
837
472
209
870
299
110
399
791
333
45
856
836
831
935
148
479
364
449
818
530
253
754
848
2
529
602
999
56
232
19
434
208
506
387
736
56
691
556
35
639
550
300
707
571
901
677
680
892
490
673
913
180
938
396
440
536
40
938
654
973
511
343
523
106
393
863
653
635
629
707
808
23
67
513
23
348
369
799
229
342
99
330
334
625
354
535
586
470
637
563
298
431
571
326
314
437
635
570
123
177
987
869
808
909
780
872
550
777
36
658
338
442
214
117
505
475
875
339
683
224
816
865
31
184
154
83
824
7
859
87
610
817
296
845
132
275
773
46
972
834
579
472
366
871
680
340
600
595
733
510
217
90
975
644
109
479
465
847
457
766
122
899
508
725
627
363
436
668
491
924
10
674
501
821
159
55
665
236
565
34
872
919
665
323
808
800
921
706
176
79
314
89
58
714
621
87
17
888
418
416
500
345
540
732
487
197
501
440
0
975
333
337
528
753
402
726
339
266
161
620
148
744
959
989
430
257
292
729
887
62
593
326
156
139
876
960
575
95
383
404
282
916
549
405
686
362
430
642
721
684
650
104
191
277
95
127
665
645
238
741
841
180
367
386
39
134
114
717
905
888
598
316
814
534
473
18
352
478
616
580
152
906
298
542
97
626
19
656
114
673
596
843
329
840
279
446
484
992
785
8
228
612
725
424
424
572
342
605
929
174
585
748
349
506
897
552
862
232
535
105
864
955
817
107
766
221
376
374
619
438
865
451
327
518
349
942
235
394
455
503
589
555
992
981
838
464
752
880
397
423
597
798
629
345
0
765
637
934
321
196
440
401
170
811
783
390
619
439
320
460
366
366
8
711
832
266
224
184
614
510
371
442
113
74
458
311
12
877
15
705
411
917
514
211
345
800
3
421
472
494
66
100
565
621
549
630
775
315
508
736
871
798
916
761
765
747
797
213
937
474
863
916
759
957
153
71
663
315
791
454
988
579
693
56
313
473
752
219
324
808
338
820
741
841
931
219
340
145
625
446
296
495
415
380
885
581
197
415
967
478
493
424
817
539
832
408
926
41
11
671
432
818
734
654
489
805
887
925
612
703
359
345
88
511
562
585
893
950
294
814
97
217
949
460
21
732
529
419
564
625
71
335
259
794
302
884
56
336
463
551
597
776
85
836
317
445
311
430
323
853
970
636
131
400
309
246
808
854
170
190
180
966
357
356
730
735
620
757
974
60
924
627
828
48
496
333
885
402
177
69
186
34
379
839
494
220
190
513
324
784
347
11
172
689
894
123
980
281
298
76
274
674
121
733
994
797
982
785
983
162
902
912
192
139
405
69
182
754
868
708
707
50
382
605
942
585
320
589
108
11
546
352
525
68
684
202
260
785
463
124
112
811
307
631
373
363
357
340
508
17
751
456
408
633
222
155
278
988
232
688
781
220
521
514
720
428
493
513
880
568
341
630
552
347
276
321
752
762
365
4
715
283
870
641
211
183
301
570
38
521
645
103
987
746
726
100
904
555
354
159
934
134
490
799
112
951
325
818
894
473
973
969
545
538
24
972
285
442
770
384
282
701
673
579
672
267
792
847
322
590
611
16
877
909
489
245
703
553
169
393
348
341
960
472
847
449
799
954
136
50
161
601
975
227
130
147
300
819
500
356
328
249
410
91
976
268
857
5
187
566
951
355
225
576
560
26
788
392
421
455
231
91
146
740
305
713
801
662
581
780
929
729
994
963
663
721
689
956
301
265
199
931
836
233
967
787
469
697
610
46
446
889
989
538
678
869
977
268
202
491
719
537
918
284
963
804
485
40
161
597
641
675
210
684
612
233
69
648
743
904
556
701
988
598
142
398
756
188
366
566
212
544
881
191
826
244
999
511
201
683
132
297
671
689
55
931
782
722
396
606
852
166
669
657
680
40
193
289
826
398
301
919
823
29
568
638
568
928
454
113
838
432
248
568
452
172
177
351
120
608
656
912
475
286
921
223
622
872
321
970
24
431
713
607
894
639
167
173
789
930
529
692
147
1
523
715
441
800
192
402
867
580
150
194
326
394
161
55
275
880
855
456
695
919
719
92
128
865
322
173
613
142
999
400
694
246
76
850
385
644
292
254
93
876
546
269
298
767
944
856
204
341
928
27
170
120
29
393
950
370
52
115
86
407
664
715
933
170
827
552
907
488
694
616
407
448
605
472
513
904
936
795
397
830
468
802
543
203
277
81
674
20
732
531
868
730
331
807
899
344
726
910
786
537
399
86
603
769
587
185
358
971
984
413
21
469
782
480
186
734
888
312
793
972
455
871
447
939
298
442
922
594
822
43
620
432
66
565
520
127
121
650
440
350
230
800
312
811
709
532
991
990
754
199
571
449
271
801
219
161
110
557
157
610
953
957
170
106
920
982
151
529
760
715
911
642
184
919
180
979
160
112
210
615
207
624
422
757
181
11
163
121
417
6
247
497
866
514
836
788
573
962
297
219
53
636
628
104
813
546
460
70
117
306
168
825
575
252
371
25
101
348
915
47
973
68
365
877
673
569
216
655
766
681
61
937
316
33
748
48
101
837
310
901
767
51
717
582
388
459
895
957
882
155
404
811
984
820
241
177
193
45
237
282
215
182
756
680
316
751
107
911
77
165
270
534
307
114
714
789
232
143
768
124
607
966
367
143
858
9
261
738
923
246
422
496
310
367
845
803
952
839
865
856
65
775
393
936
328
328
537
700
448
357
481
307
582
203
684
539
429
747
901
193
419
273
393
297
273
43
782
785
538
65
7
783
126
150
119
509
56
677
23
166
857
430
764
642
708
750
122
830
712
484
854
469
989
142
218
956
100
693
546
325
467
955
639
231
184
638
74
376
317
467
660
130
806
490
353
638
40
392
179
412
451
661
853
165
668
79
171
711
946
894
115
352
49
906
543
666
811
541
283
245
530
502
200
672
83
979
135
828
237
536
59
547
480
47
390
505
583
809
457
234
763
389
743
375
360
614
202
794
951
426
903
628
174
749
78
445
879
581
970
631
730
237
568
952
73
284
866
355
700
885
768
704
499
734
286
666
998
266
457
978
673
60
907
913
775
192
658
604
104
617
965
588
474
762
221
496
433
533
617
25
702
515
893
344
131
761
722
363
475
905
700
369
551
774
72
955
159
649
723
207
120
974
527
569
9
240
892
304
391
772
461
384
536
279
150
838
955
351
770
424
717
643
233
311
98
103
90
274
895
902
937
411
301
504
956
952
10
712
756
84
758
971
938
119
569
661
792
568
650
226
385
844
894
371
319
800
234
379
556
235
952
845
916
516
926
879
28
24
484
78
35
963
614
720
604
462
863
933
817
297
545
37
701
141
969
202
493
536
635
5
680
36
705
592
196
820
757
499
37
319
378
345
787
179
500
791
110
296
234
383
698
756
176
79
488
400
556
477
2
873
972
98
16
482
449
641
255
970
469
842
736
347
113
987
53
695
579
820
134
641
55
400
305
107
265
26
368
697
898
594
417
797
162
567
295
986
746
949
259
771
60
345
767
728
837
763
429
285
917
220
361
812
682
902
62
810
423
156
129
172
164
597
115
528
536
726
776
443
849
18
513
460
107
22
834
500
974
609
990
492
562
401
365
432
694
990
108
819
774
68
989
923
940
770
206
72
673
735
876
576
878
751
16
747
554
94
572
872
670
171
705
509
207
617
262
725
201
840
134
34
204
323
365
386
845
279
946
923
947
68
663
779
622
854
352
967
196
545
491
369
526
339
947
611
522
426
294
727
540
287
219
941
419
486
482
193
451
113
286
736
718
644
330
572
128
382
978
220
102
8
203
851
810
761
117
217
689
372
401
687
966
983
935
192
778
985
344
452
123
518
659
105
308
737
961
337
109
315
699
986
771
32
16
899
66
461
635
875
118
691
884
29
242
129
268
842
507
880
501
392
775
129
839
753
846
593
617
825
336
846
855
11
316
352
909
874
669
760
539
821
545
443
733
215
22
148
871
544
402
950
670
655
267
311
420
650
932
216
668
983
627
887
634
323
359
959
476
981
722
125
528
466
961
546
111
258
753
351
304
725
228
516
453
318
163
428
242
813
828
14
262
368
976
829
773
579
101
289
792
584
179
876
150
365
616
222
553
285
202
31
836
541
224
809
628
859
429
239
588
997
189
652
861
796
565
781
42
754
221
534
795
797
982
707
831
144
89
178
103
506
772
473
420
288
921
590
546
773
192
21
364
22
318
386
675
560
141
143
391
237
7
212
200
198
0
59
651
458
41
297
656
468
898
128
447
50
195
158
191
216
693
819
448
153
607
776
384
32
823
287
136
200
479
53
789
242
968
887
792
933
13
890
815
913
650
279
128
84
25
228
122
40
959
977
744
74
211
430
281
183
702
778
602
208
346
309
744
448
764
244
423
471
311
373
367
623
982
873
457
905
679
236
741
231
327
480
109
707
103
302
826
583
176
879
361
677
513
930
322
121
938
54
94
141
756
922
150
308
454
480
100
175
561
830
325
57
285
794
774
243
616
784
648
835
784
385
76
983
590
146
907
484
327
689
164
146
874
706
13
626
995
995
824
963
222
173
676
609
70
763
325
856
395
775
46
116
558
742
730
681
767
542
486
133
912
759
536
631
616
412
897
859
943
448
619
876
483
23
777
100
275
150
471
20
496
120
531
999
54
624
477
396
965
911
930
709
413
83
487
410
62
8
465
520
878
804
649
32
242
140
53
33
584
447
908
66
930
714
890
656
213
872
951
678
459
592
27
199
190
794
592
584
39
411
394
937
832
779
758
410
830
947
770
285
499
327
189
542
419
31
733
252
961
585
142
896
277
598
718
222
17
317
782
155
514
983
478
119
975
824
138
427
755
472
975
574
100
245
266
749
336
116
785
969
509
607
614
464
372
512
622
786
69
721
765
291
135
878
767
431
667
793
633
89
813
62
721
704
341
309
483
212
857
158
792
789
30
238
228
550
777
834
125
829
286
708
719
286
163
524
594
230
200
366
90
71
495
39
561
251
306
921
208
376
915
442
14
271
711
672
994
663
281
290
498
150
324
984
80
704
679
193
276
387
918
596
271
19
62
840
209
296
637
539
257
850
837
857
875
813
15
61
440
852
640
56
44
741
737
718
787
686
430
475
278
310
788
616
139
578
897
95
642
793
188
234
867
133
619
363
341
654
510
668
111
468
557
823
339
44
658
733
837
339
155
963
127
971
853
990
883
373
599
668
728
205
559
926
36
442
675
447
280
16
362
293
188
471
757
32
232
503
283
452
856
585
965
72
269
881
307
567
216
518
831
972
409
785
450
458
224
623
236
629
621
291
862
763
72
709
745
310
152
835
683
464
905
904
624
552
446
130
403
833
157
312
174
463
835
681
739
73
591
793
660
774
81
122
945
702
746
860
668
838
129
55
389
724
623
531
602
369
189
843
163
755
505
804
981
313
890
846
627
648
238
570
847
136
723
725
753
398
108
333
77
791
368
959
586
356
53
456
951
525
770
766
2
132
573
246
765
335
883
428
515
246
146
215
437
52
342
339
185
507
971
225
151
502
346
771
906
282
731
528
432
381
73
972
729
786
147
682
569
662
166
240
866
17
450
221
64
958
126
441
973
432
135
671
642
112
670
56
508
698
775
422
427
574
797
276
608
164
48
237
318
985
498
268
136
572
435
260
856
358
153
594
460
709
495
375
503
944
369
637
386
996
304
57
85
479
413
897
562
573
1
653
115
806
226
786
660
47
96
926
425
648
112
620
60
246
647
178
367
426
768
244
8
730
599
512
356
220
465
357
478
550
435
597
866
760
847
922
981
133
918
420
222
934
827
959
592
198
99
962
129
127
494
72
566
947
704
443
195
304
514
822
274
353
987
515
181
898
527
189
840
923
81
443
320
960
563
867
14
285
483
530
417
301
958
927
809
759
382
475
226
252
795
776
300
206
908
812
802
59
701
46
159
544
534
769
156
518
701
331
57
921
922
638
194
45
881
686
977
218
629
470
660
845
803
943
167
515
6
639
348
642
686
168
414
233
56
885
690
852
238
533
480
296
474
15
109
308
718
256
380
822
721
63
996
753
131
24
938
