960
820
407
996
935
832
985
886
866
854
991
939
256
879
952
897
931
814
955
882
367
815
888
861
874
341
494
336
883
982
853
183
373
868
456
856
464
844
973
805
872
901
999
822
807
992
851
831
484
227
920
892
982
990
970
457
483
576
97
971
879
958
978
320
867
850
877
950
229
853
81
105
892
827
862
92
912
29
930
920
859
807
961
959
926
953
146
827
908
931
882
913
803
809
985
482
923
871
868
972
866
849
847
376
867
811
224
215
958
990
181
163
757
929
811
809
911
581
879
985
821
822
855
985
985
887
923
891
944
844
988
829
243
706
985
839
819
907
951
594
857
824
814
880
889
800
832
980
947
933
943
795
901
465
840
952
33
964
52
846
920
976
909
926
984
892
870
996
752
817
995
658
996
889
899
917
923
744
906
631
936
933
80
955
569
798
368
923
922
825
867
886
856
825
877
847
140
584
898
987
910
823
949
32
907
864
965
845
276
396
872
931
847
989
987
896
802
899
889
887
882
880
844
890
986
646
889
563
331
943
948
894
838
356
920
944
822
950
85
981
880
846
808
990
974
823
918
143
912
821
947
938
905
878
551
853
938
972
961
891
925
930
826
943
816
835
959
852
867
832
450
927
913
947
870
39
700
808
823
886
986
899
884
904
894
873
952
264
987
822
825
833
883
823
803
835
901
800
944
989
922
830
982
964
934
917
806
931
872
941
312
889
836
947
907
977
806
981
873
865
566
220
420
980
59
801
814
636
703
911
511
944
910
974
990
882
965
841
888
925
923
845
952
804
946
416
989
815
818
590
918
334
969
477
50
908
864
846
825
857
492
955
971
846
812
967
438
948
823
89
962
886
963
896
895
870
988
42
849
961
284
918
909
783
854
891
881
852
828
979
915
826
215
977
865
818
857
919
894
944
692
379
997
892
593
987
891
452
729
871
877
272
824
993
836
891
927
883
544
844
896
865
908
846
840
857
964
970
646
994
864
962
848
805
872
822
955
957
906
847
608
807
940
875
994
884
933
999
852
135
841
919
957
885
124
482
921
839
972
860
984
301
832
944
963
874
925
889
906
730
875
763
200
895
926
804
965
641
741
975
803
919
805
806
975
969
965
808
197
854
413
657
573
807
889
954
137
868
176
862
849
587
783
867
878
833
951
942
994
706
893
729
927
977
841
108
867
885
872
307
803
914
831
284
880
489
897
923
864
660
325
675
909
851
926
957
856
971
832
845
896
186
903
866
756
874
862
771
849
88
760
812
906
974
828
952
896
973
970
165
975
11
939
834
882
690
986
637
902
875
867
832
955
864
801
849
985
812
799
999
881
892
846
9
826
981
974
903
884
562
879
870
900
543
625
998
961
826
546
993
855
964
802
870
961
28
104
887
987
952
949
569
939
450
122
789
977
834
997
849
67
922
15
819
846
941
861
862
422
807
902
120
812
406
814
833
901
785
816
855
956
882
820
898
662
857
976
936
837
641
271
544
808
967
919
123
844
986
916
846
447
925
997
895
965
801
838
90
939
825
807
896
869
833
131
908
972
460
827
645
870
861
858
944
839
932
890
874
960
850
939
951
801
863
875
868
803
975
809
925
909
973
373
863
711
858
816
948
847
932
887
912
874
479
981
445
979
919
824
923
738
859
309
953
959
845
903
827
981
942
850
959
953
970
938
936
870
968
841
749
667
868
921
952
781
865
970
893
862
49
78
964
967
619
874
614
846
892
985
829
881
994
913
928
857
884
6
470
871
842
812
884
832
933
993
959
826
281
926
814
917
905
809
985
998
526
800
472
812
113
682
902
911
644
934
805
504
907
964
807
832
989
916
963
822
833
843
888
846
871
880
915
960
945
997
892
930
951
898
915
914
531
964
208
862
87
655
979
893
831
871
961
842
984
925
893
911
845
939
415
872
911
826
854
978
887
984
865
945
378
900
917
987
287
888
955
951
832
475
946
983
578
518
293
450
830
904
845
804
535
840
804
951
975
905
881
983
829
632
968
833
943
927
923
964
893
984
895
810
927
969
939
870
814
865
967
960
839
966
735
884
935
978
986
984
915
959
937
883
920
967
676
818
817
870
830
864
929
875
873
916
970
973
890
829
987
851
939
832
985
433
942
94
940
848
927
995
909
995
391
934
985
567
949
806
856
813
806
121
940
708
859
917
843
992
816
575
990
810
884
875
898
619
976
880
924
983
863
969
946
936
976
953
834
806
983
981
954
833
947
989
881
921
824
941
887
884
826
998
734
872
979
862
977
997
895
807
855
995
878
840
984
166
992
597
890
891
66
651
971
953
883
934
848
922
594
908
837
998
847
854
23
891
994
971
976
914
944
118
833
872
995
988
819
677
932
581
954
866
906
874
962
959
850
830
802
827
882
817
935
946
822
956
802
806
938
837
823
816
889
978
937
945
58
945
887
895
803
829
759
809
953
850
877
659
864
716
967
826
980
834
45
884
930
276
808
851
991
820
874
997
949
827
916
959
930
903
923
954
895
979
628
931
929
928
544
42
860
478
847
534
667
802
888
870
980
301
962
530
863
811
731
888
877
943
807
954
887
73
414
886
924
882
988
863
980
871
997
891
97
918
908
357
947
867
559
817
189
844
888
671
761
705
881
981
987
990
938
936
461
924
804
855
863
604
833
944
716
925
943
981
830
885
837
873
827
952
836
939
991
978
935
901
185
917
989
858
890
948
987
514
186
522
818
827
714
942
926
162
953
980
874
985
807
167
871
803
964
912
830
966
850
434
491
801
818
923
869
945
874
916
804
902
831
846
815
472
850
926
818
747
858
439
510
655
923
911
639
904
978
983
869
934
963
924
967
989
919
979
751
907
941
770
860
854
940
828
782
895
914
826
845
981
849
914
853
998
861
278
853
992
82
945
882
792
885
950
881
597
898
223
140
960
943
871
938
897
865
806
975
821
753
979
984
746
993
981
879
825
985
936
801
912
963
852
989
908
805
870
817
967
951
842
912
928
860
986
992
893
943
960
882
950
907
907
256
704
410
567
992
895
850
249
972
825
862
822
854
821
31
24
952
819
850
974
977
974
991
867
885
484
992
967
958
849
927
858
954
822
935
927
658
840
968
312
900
910
966
999
925
885
875
889
867
993
986
830
951
795
905
959
928
642
904
807
986
907
807
666
426
810
871
840
894
851
898
949
956
942
997
979
983
925
878
659
904
976
968
845
870
932
869
941
863
550
914
984
938
827
985
977
950
995
618
891
997
989
919
924
898
982
811
431
875
458
859
173
841
963
838
993
894
894
880
720
922
886
699
914
898
519
945
886
870
837
236
803
965
389
825
800
121
897
950
804
922
917
877
128
871
850
861
861
817
993
836
944
803
926
909
889
904
918
904
663
922
887
938
952
949
480
874
999
948
872
971
654
981
997
803
804
800
927
959
865
439
705
809
467
876
732
911
985
906
656
842
949
816
801
141
887
851
651
587
811
731
328
903
936
112
800
524
961
879
944
95
992
886
826
937
883
795
864
946
981
998
831
985
338
917
930
739
904
958
880
515
916
811
908
375
935
858
877
914
850
925
975
323
68
876
203
983
890
937
819
810
881
868
907
954
879
621
938
830
987
864
813
935
866
919
832
965
963
369
910
900
991
448
895
948
351
70
937
919
15
996
888
268
851
958
219
780
942
860
365
835
953
839
810
866
501
691
987
856
914
815
898
602
883
896
639
930
596
983
848
862
930
176
877
967
967
991
907
857
867
994
808
803
556
947
999
819
871
909
849
608
995
943
949
920
46
876
959
966
973
928
924
835
984
355
988
931
945
993
859
989
264
508
982
979
351
986
953
572
616
973
222
832
945
785
500
68
851
953
920
932
977
859
942
869
143
876
904
895
837
901
804
896
975
985
868
911
921
801
987
174
924
940
901
904
285
934
964
953
990
826
841
951
307
812
816
178
513
821
984
936
846
897
887
839
831
946
908
896
882
808
884
18
964
963
906
919
879
897
960
245
519
191
874
813
842
389
571
521
916
973
877
876
853
561
839
456
861
850
989
371
934
978
836
896
881
993
993
917
885
798
370
885
102
992
866
944
626
968
856
975
873
2
906
968
304
908
794
905
629
845
873
56
586
904
997
811
577
918
910
959
938
129
561
911
965
834
308
845
827
888
889
842
946
876
954
943
845
428
834
905
895
279
922
959
919
335
914
939
624
869
451
893
954
866
901
525
930
768
916
868
920
585
304
909
858
294
840
5
938
807
234
983
388
845
876
984
932
974
800
855
906
976
867
404
907
878
439
986
879
823
809
918
945
570
974
956
826
937
269
877
957
893
966
971
413
984
898
865
934
888
976
855
198
459
936
922
84
905
612
884
800
816
831
822
927
933
810
995
994
824
573
910
936
850
985
921
924
954
379
861
891
474
874
962
62
963
998
875
984
38
686
852
74
988
968
995
841
929
883
952
809
866
838
999
197
837
953
805
867
986
946
405
823
818
995
937
972
904
878
909
894
996
833
978
165
846
934
910
983
812
825
883
858
993
900
844
950
832
882
945
934
916
891
845
855
991
924
2
901
816
879
836
542
900
814
965
830
803
828
992
845
996
681
475
904
886
903
859
948
980
818
856
899
891
925
807
917
645
963
892
823
934
911
623
831
890
947
84
861
927
952
834
801
897
947
993
617
970
901
906
852
984
809
353
821
925
247
776
938
407
802
921
970
630
847
944
896
841
910
974
873
794
827
924
823
931
976
858
856
584
830
814
993
210
127
476
929
481
867
920
552
998
852
805
913
847
837
818
823
911
802
938
817
995
929
50
900
837
911
871
940
965
905
905
977
761
947
584
984
478
447
870
998
716
997
953
871
821
990
933
829
633
942
861
857
96
904
920
867
883
806
908
949
819
907
570
997
380
238
828
349
139
869
851
868
822
960
811
924
963
43
162
887
820
820
824
908
921
941
893
949
832
958
824
983
982
898
466
803
885
964
949
821
826
814
944
697
617
827
262
254
995
961
854
818
843
822
841
833
936
927
932
830
938
848
996
890
924
926
995
963
640
959
700
831
848
820
866
865
985
900
853
904
854
806
822
978
970
852
968
371
848
894
982
835
831
855
929
990
575
984
740
812
562
982
813
816
962
946
834
899
969
849
956
833
830
757
838
978
817
902
877
989
875
899
802
879
808
626
592
905
919
875
622
839
868
985
707
837
467
486
431
904
829
895
998
955
978
947
864
341
41
864
621
846
934
846
995
960
814
933
809
916
976
821
804
807
905
757
911
902
764
879
905
998
985
967
129
808
931
927
856
830
914
997
701
849
911
949
808
936
946
994
920
889
894
883
992
615
899
455
873
896
898
349
946
991
875
877
940
957
981
913
995
998
564
801
837
887
978
932
313
360
805
923
933
437
946
859
857
812
249
818
673
947
989
984
875
939
906
818
967
987
855
934
555
824
469
914
642
820
902
942
881
399
977
811
817
824
924
873
863
982
733
941
845
998
908
963
246
661
45
756
848
820
945
849
823
505
809
893
858
966
547
860
972
839
884
816
956
946
941
945
832
817
836
998
872
951
837
919
994
737
629
886
949
994
926
442
867
816
984
864
975
788
155
809
934
998
910
966
172
902
896
810
853
833
967
911
921
822
986
821
980
980
38
650
834
210
952
805
870
993
820
870
647
925
904
817
880
886
877
880
960
903
749
908
939
553
977
835
820
967
119
212
555
961
105
909
169
824
128
836
496
886
840
948
948
959
127
161
884
886
818
909
804
906
840
963
899
876
939
988
809
916
258
910
772
613
824
943
950
956
712
828
934
872
866
837
848
911
840
903
832
982
957
886
813
603
946
685
845
621
866
358
848
831
827
838
240
975
983
897
845
871
803
961
812
805
861
874
986
916
964
907
988
951
976
882
835
969
654
870
806
23
900
859
976
961
818
839
805
898
605
887
964
705
955
938
873
386
388
855
951
987
931
868
745
842
972
853
997
959
802
973
968
806
994
810
10
807
953
807
919
887
869
623
402
822
991
965
983
669
690
939
958
518
930
940
994
953
700
903
862
890
957
820
803
884
843
861
981
742
942
957
830
917
947
951
815
860
970
838
940
975
963
950
193
996
956
885
910
924
825
762
898
765
958
943
950
98
873
913
997
438
874
882
887
835
937
812
987
928
963
444
980
866
969
941
990
953
934
869
861
923
76
924
928
990
204
852
909
841
775
918
844
948
881
869
968
860
765
959
879
963
761
453
814
804
941
938
910
804
271
965
835
815
867
915
889
125
830
815
900
517
826
981
958
954
971
535
868
758
927
820
810
960
872
57
959
857
818
30
455
980
829
870
942
839
309
825
852
908
810
955
837
809
992
875
900
611
853
944
860
842
928
899
912
955
800
25
834
887
859
983
975
566
917
991
868
130
839
149
959
850
939
904
835
26
802
965
940
805
623
937
871
677
847
969
807
506
845
919
802
600
837
909
216
419
954
727
504
100
980
346
885
808
920
857
831
939
970
867
345
890
933
832
968
942
916
656
992
822
500
910
933
854
987
804
915
867
903
994
979
973
868
117
979
432
877
666
975
846
556
835
997
939
805
532
840
792
874
600
901
804
869
962
995
926
802
961
865
913
790
977
395
873
877
848
933
903
842
839
923
878
891
826
993
947
960
824
818
727
768
814
844
892
727
919
720
936
427
994
150
879
956
898
457
529
815
784
982
836
822
979
890
913
910
871
968
803
592
940
951
783
970
938
825
865
185
975
909
936
851
965
914
853
966
880
214
955
901
911
926
669
813
999
850
992
647
899
976
971
106
856
409
942
359
947
774
860
872
810
399
980
917
802
255
506
900
962
918
897
804
897
917
527
876
443
923
990
872
883
905
887
429
961
950
918
956
333
964
912
975
803
881
838
509
942
867
968
395
809
943
635
947
332
937
825
832
990
609
954
889
810
850
970
880
913
145
791
879
553
829
891
111
684
975
816
653
775
414
942
904
849
877
813
461
899
881
842
889
267
959
821
845
974
253
998
985
838
576
922
878
832
875
791
972
945
917
906
919
940
814
847
962
933
943
198
812
812
999
846
961
607
948
845
52
592
465
829
964
896
803
901
863
956
914
836
816
701
991
950
620
812
943
730
410
519
832
819
95
998
989
953
538
974
886
960
498
840
870
844
824
812
999
917
846
841
825
930
902
933
977
779
949
875
889
932
932
822
843
942
891
808
828
914
548
825
22
21
974
926
851
947
832
899
987
823
634
847
943
829
907
468
918
805
921
929
834
583
814
421
982
892
354
852
793
337
928
857
900
963
887
878
885
979
819
837
870
816
437
937
871
815
846
965
844
831
827
959
959
817
969
859
896
888
695
737
987
962
954
995
726
883
828
937
906
940
884
985
821
881
953
817
940
806
844
816
924
193
832
241
336
862
998
913
893
977
688
850
944
990
880
974
818
912
852
769
988
616
40
994
603
910
971
864
983
820
803
965
813
899
459
801
568
835
403
864
897
939
660
934
991
803
927
977
883
982
808
448
859
842
78
890
917
250
899
851
875
935
908
16
946
578
962
971
891
485
817
874
835
865
638
635
979
821
887
844
936
893
867
914
686
935
815
816
975
144
899
890
75
842
984
966
318
999
577
933
826
977
834
943
976
935
974
872
989
947
821
860
131
870
819
669
704
821
939
845
932
971
771
890
831
912
724
869
825
966
945
638
958
61
905
865
709
827
808
973
920
208
977
715
899
944
955
916
290
659
810
898
938
771
724
565
921
960
991
840
352
926
991
877
883
956
709
968
978
989
935
919
691
880
928
814
951
807
913
862
921
858
941
965
179
917
875
649
901
803
898
934
613
245
809
944
816
874
808
19
925
632
420
936
834
896
868
851
931
805
930
966
352
925
919
849
870
959
744
841
813
850
817
893
859
805
348
918
159
942
973
814
924
877
992
899
466
814
984
911
803
499
920
813
728
814
317
851
912
995
913
941
940
868
821
342
446
987
811
873
918
903
994
924
844
820
862
927
830
134
950
819
806
993
303
828
949
991
259
708
829
971
925
54
433
56
821
892
807
860
929
634
925
876
977
922
800
422
502
994
989
343
990
160
950
933
954
855
941
858
927
926
858
894
873
992
825
973
882
636
808
951
796
330
416
866
954
876
879
614
823
826
828
915
867
874
843
862
965
935
952
955
955
931
823
981
948
841
881
817
950
760
718
931
929
713
870
678
964
923
820
885
908
671
975
801
923
558
971
978
138
966
228
869
869
206
736
997
983
938
983
909
311
954
195
922
911
970
881
310
758
394
687
896
972
720
873
487
908
554
965
823
815
776
988
922
821
582
793
848
988
950
918
558
983
964
816
635
810
831
875
972
465
848
904
867
692
879
694
951
690
852
884
913
996
986
435
849
8
927
887
997
900
963
937
841
884
817
991
879
941
859
898
168
360
958
802
949
820
995
850
421
992
857
812
898
905
930
943
834
922
907
622
955
829
812
996
828
156
875
957
955
939
870
829
863
248
330
818
929
991
933
118
930
837
972
738
810
412
618
804
820
266
907
937
167
931
973
805
993
957
805
887
697
781
24
224
803
968
863
885
942
800
857
850
881
934
966
975
977
946
830
856
931
939
981
146
987
968
906
911
805
870
917
522
915
918
308
893
989
982
926
814
848
892
524
885
815
112
836
216
802
772
972
867
972
887
969
849
871
885
821
904
930
930
907
932
846
29
936
475
921
912
903
655
939
870
928
856
841
440
968
888
894
889
983
842
806
107
899
926
899
878
968
800
950
673
886
664
976
281
842
894
907
980
862
900
985
965
833
868
854
932
802
827
941
989
852
996
874
797
858
918
817
883
868
870
841
957
688
863
831
802
866
917
880
943
940
966
135
163
803
361
854
893
985
819
995
862
985
403
882
687
633
848
808
907
873
898
817
829
941
963
828
885
949
13
860
812
941
591
951
943
928
954
817
872
984
918
981
398
958
901
819
901
740
885
838
849
971
468
425
800
918
400
683
862
824
804
818
698
929
865
929
991
902
867
643
801
913
936
829
882
874
150
840
777
824
976
980
949
743
892
876
960
973
908
823
239
327
845
889
866
804
897
867
217
982
958
842
840
973
897
936
220
918
841
117
489
864
991
905
903
962
957
823
828
951
989
945
869
872
967
945
331
819
340
187
951
147
877
823
866
898
941
546
881
964
852
490
916
787
825
902
913
861
907
936
994
876
833
834
868
813
882
856
958
941
807
378
842
984
816
892
825
886
986
639
986
935
910
949
894
994
604
884
852
954
994
944
922
837
310
711
848
901
861
976
911
423
892
890
934
889
825
958
822
831
520
924
664
964
969
931
972
842
913
980
801
454
946
866
817
915
836
900
646
726
927
303
897
923
802
879
986
996
650
838
856
836
965
978
992
958
948
979
951
947
916
848
640
230
857
924
995
921
894
801
86
907
851
947
916
987
859
970
879
833
958
471
559
820
849
902
822
980
941
967
35
939
854
334
897
865
823
832
811
882
946
818
962
833
534
935
961
949
962
599
612
912
962
915
849
828
951
956
989
196
944
948
930
834
823
582
810
315
759
873
826
762
539
911
547
755
905
953
945
977
806
240
674
983
802
559
893
847
990
809
836
882
870
946
643
915
801
921
888
965
237
846
967
891
259
108
995
748
896
809
835
897
930
961
906
207
966
925
931
941
839
892
855
915
778
878
919
980
924
837
983
899
941
37
906
946
852
831
808
902
827
915
999
40
775
902
901
841
990
954
892
839
895
780
188
850
857
931
842
180
951
930
951
948
10
122
717
919
949
800
865
911
893
965
999
616
882
996
811
984
703
611
853
947
657
946
835
323
869
649
424
935
943
816
880
175
805
850
840
683
878
910
871
969
884
899
836
861
950
912
853
499
923
181
888
915
952
148
824
557
457
889
553
940
929
916
978
836
825
977
967
244
861
987
820
523
819
946
915
405
925
951
928
883
853
969
814
962
954
572
935
764
951
935
843
579
273
829
83
658
987
983
984
876
864
864
841
239
917
809
992
812
917
961
893
863
154
818
884
846
867
377
839
809
826
915
6
940
883
823
904
801
886
857
930
945
925
917
810
812
953
871
429
990
970
819
927
822
842
940
394
861
923
899
911
906
842
822
539
967
982
858
828
440
812
77
586
864
888
914
967
640
971
973
768
851
822
387
916
986
590
849
684
770
882
919
976
980
946
977
913
808
856
342
550
915
815
927
993
897
937
850
930
665
661
930
995
872
900
787
817
833
856
941
907
947
803
842
930
820
888
928
968
562
111
930
883
880
996
887
476
269
859
948
806
946
934
47
897
882
919
966
919
911
853
501
493
853
982
949
831
702
970
845
988
819
983
773
91
804
963
158
120
943
870
945
894
858
965
758
959
917
142
878
944
914
442
871
810
815
856
984
807
818
914
356
928
859
944
872
892
973
862
904
648
929
819
838
27
964
854
937
963
939
965
863
252
962
841
813
725
689
813
872
770
923
523
488
919
813
485
867
837
910
863
922
899
867
980
806
853
986
810
905
823
921
850
960
958
997
904
832
968
866
923
880
913
913
845
963
811
914
806
921
982
933
841
810
722
893
866
884
847
348
972
935
850
883
832
136
834
840
822
866
984
999
969
907
901
953
974
906
987
806
230
993
685
998
860
853
959
663
893
835
969
998
944
849
928
917
895
925
332
436
901
430
884
641
969
969
988
903
898
994
943
985
966
525
885
817
99
958
831
686
968
925
861
960
902
184
839
839
974
922
882
908
829
860
956
957
903
677
580
855
906
913
628
982
975
969
842
836
910
955
824
873
864
679
915
808
915
985
908
411
599
800
922
843
793
800
879
902
804
914
809
964
951
712
834
976
236
941
961
919
954
402
888
837
993
819
929
910
907
839
507
888
889
998
525
936
759
896
427
500
566
957
886
936
837
625
987
899
628
918
905
537
903
991
963
805
823
815
932
843
742
862
902
944
822
282
896
863
610
803
922
836
912
114
991
557
899
925
954
800
800
909
876
838
856
838
814
863
867
205
962
423
381
929
950
962
830
279
854
981
968
990
911
28
904
863
940
972
974
843
996
942
825
922
822
882
941
846
979
952
243
859
926
906
839
151
818
827
974
953
237
840
830
851
808
723
956
874
263
828
809
974
878
931
858
879
956
841
845
817
878
957
967
999
995
893
682
931
879
903
932
969
875
911
898
973
587
838
927
952
888
869
872
838
900
953
979
702
875
980
862
825
861
552
895
905
979
577
453
982
872
466
984
811
958
968
975
826
889
842
723
872
498
893
854
865
815
874
881
831
676
648
277
998
921
927
917
982
950
153
842
836
970
838
857
923
992
786
206
518
830
829
967
745
862
950
863
886
952
901
986
804
512
915
866
34
859
900
871
843
918
973
534
972
270
862
991
921
830
895
915
920
928
832
859
988
848
235
811
938
805
877
972
844
812
166
809
745
900
864
59
554
931
853
802
917
909
940
365
995
962
841
875
902
897
935
851
324
443
931
455
503
811
800
806
974
856
963
617
910
978
800
910
974
602
546
912
853
883
919
914
743
820
990
905
855
932
876
958
441
865
818
827
905
49
910
849
808
728
989
280
946
892
873
831
973
898
884
869
956
878
887
842
986
874
912
969
929
843
976
982
966
871
855
919
517
588
859
985
914
976
491
927
74
299
344
948
754
805
987
929
501
845
970
935
896
952
981
268
842
918
543
477
920
961
292
950
862
880
629
867
883
842
548
935
909
958
986
872
843
846
945
942
813
928
999
832
934
596
722
908
822
981
721
913
932
960
536
830
883
842
977
907
802
826
67
503
917
954
904
936
851
978
867
920
253
947
851
908
940
912
891
929
931
73
306
999
837
847
32
679
900
860
820
983
962
857
849
894
545
204
849
864
986
816
857
835
862
805
231
932
823
910
435
950
875
609
944
661
976
827
855
101
833
813
855
843
931
946
526
973
815
973
962
918
960
953
913
381
813
769
855
941
950
472
974
997
893
981
925
989
990
916
855
902
790
880
992
850
494
160
919
541
974
957
832
507
808
816
950
874
818
872
920
823
520
173
999
826
516
406
990
511
990
997
380
943
839
627
814
901
980
722
955
411
822
806
903
841
778
981
923
992
828
879
940
990
918
810
192
804
812
844
959
804
819
975
877
321
891
888
961
717
849
920
887
897
962
910
941
973
960
934
876
968
232
532
495
858
859
834
917
846
883
812
868
894
889
990
93
988
871
818
937
835
985
958
961
272
918
997
874
879
825
841
870
800
901
840
997
922
536
836
585
873
869
961
882
857
608
538
943
995
944
561
921
858
295
354
805
995
878
820
951
318
873
921
986
956
830
984
851
813
800
883
842
689
905
961
906
957
844
826
982
873
834
988
832
900
836
177
888
998
872
999
911
835
871
75
438
946
970
856
940
857
390
241
919
698
982
812
864
585
252
914
998
811
965
422
999
974
895
864
642
805
157
814
717
937
929
877
408
807
954
979
894
883
836
904
952
542
824
939
862
741
840
888
915
810
821
806
892
876
940
848
699
977
406
979
932
987
966
889
923
843
855
906
935
991
887
938
931
462
992
807
913
962
812
947
929
854
990
810
874
846
948
920
918
896
990
800
993
855
838
841
997
926
845
947
957
824
996
936
862
952
956
995
967
901
987
885
884
222
947
938
972
957
833
739
948
898
299
58
948
863
151
952
502
968
824
156
948
923
879
876
925
806
588
865
976
942
865
891
992
953
910
955
830
987
895
878
875
750
861
988
170
139
953
830
964
810
996
873
849
945
995
261
816
940
983
919
897
907
931
963
858
851
992
860
436
862
383
885
975
864
865
897
921
545
992
906
977
929
886
889
852
8
970
949
928
955
997
801
824
801
942
486
878
819
933
871
954
820
110
970
887
586
958
857
407
837
962
652
735
881
933
862
989
883
889
927
931
776
624
412
969
319
825
942
932
909
940
535
916
98
841
594
916
828
986
944
877
445
809
960
991
825
983
910
947
828
953
972
674
998
55
976
808
925
952
824
834
814
910
975
977
807
859
933
993
607
885
841
878
854
892
920
930
858
949
884
857
852
353
834
967
895
890
998
904
973
362
839
610
694
944
909
46
827
932
888
855
869
976
840
958
928
969
921
853
957
850
949
891
908
920
967
851
980
326
907
912
895
885
909
864
881
527
894
710
996
855
997
868
322
982
986
850
966
726
988
902
871
637
841
800
1
808
855
843
884
858
851
983
670
806
987
847
908
931
954
663
248
918
919
880
983
189
828
928
898
886
960
992
909
870
602
904
972
889
570
955
820
856
731
63
895
468
965
943
854
937
743
992
942
713
847
877
964
53
867
830
891
895
814
806
452
862
920
967
835
870
258
921
877
964
992
837
514
864
876
713
984
960
937
479
923
989
715
920
909
625
829
895
928
948
905
890
867
936
856
607
432
872
989
896
973
853
861
882
986
931
885
939
969
335
986
956
861
868
491
989
812
878
921
945
908
903
910
238
888
822
967
993
278
168
711
811
964
885
908
986
988
856
808
804
141
849
914
286
736
985
962
954
295
257
884
818
828
819
871
811
908
813
802
908
949
935
944
840
496
985
986
814
889
837
794
853
355
957
943
869
971
863
892
385
979
818
672
922
903
211
390
861
302
956
828
873
941
26
980
831
845
860
916
905
819
970
965
927
803
941
883
968
861
99
887
954
834
890
786
699
842
940
487
852
840
934
933
41
830
859
968
943
842
126
907
785
934
838
908
934
838
902
971
967
942
265
829
201
27
319
820
959
902
939
979
853
81
859
989
950
863
956
753
932
983
199
988
423
996
890
963
747
906
872
974
982
891
938
966
886
850
925
802
880
834
854
211
676
934
946
894
983
891
912
949
892
846
852
999
883
863
921
957
863
223
990
83
843
995
806
952
918
838
980
884
909
930
982
978
826
943
956
651
947
881
513
934
978
508
997
409
801
955
484
981
858
979
840
801
916
107
940
871
883
851
831
814
838
514
908
137
126
896
800
921
999
900
899
827
999
846
903
815
987
971
164
853
401
998
854
863
971
277
804
811
714
289
966
801
977
192
812
866
844
814
964
826
973
885
848
624
583
903
833
920
955
988
809
601
996
804
924
890
44
999
958
910
549
859
809
965
909
763
976
923
488
473
854
880
961
656
760
221
730
496
877
978
650
809
970
991
858
896
987
859
125
970
991
873
904
961
213
906
978
992
620
878
949
954
662
874
982
833
955
807
817
884
895
313
812
973
849
145
879
631
900
531
428
978
920
940
442
991
917
942
861
297
861
833
991
225
827
981
997
825
912
841
903
912
980
970
984
892
820
816
933
918
892
895
964
933
969
917
828
913
915
826
803
473
865
411
87
996
483
866
497
912
946
840
960
182
975
825
837
998
955
817
144
870
953
147
896
919
826
965
936
825
833
988
866
400
967
807
888
958
906
868
868
257
837
945
212
952
962
807
499
896
966
817
988
479
971
947
869
815
912
945
842
913
408
363
888
955
401
958
835
835
818
863
987
826
537
933
806
415
885
971
915
846
861
959
817
911
991
918
854
884
851
956
818
869
902
934
972
996
876
858
880
930
932
954
853
392
934
880
977
826
824
884
385
773
993
441
926
985
887
430
801
820
968
843
982
948
844
828
695
821
478
854
959
813
976
880
838
912
887
132
869
829
845
60
800
881
970
834
848
929
843
808
885
384
703
780
333
22
901
837
996
877
920
762
816
802
932
808
811
864
943
833
825
865
865
346
946
800
876
37
25
999
819
89
851
816
746
101
834
926
898
763
908
550
897
856
857
350
880
750
830
926
859
890
845
822
864
807
925
845
149
942
833
880
910
912
956
821
958
803
908
927
840
853
696
860
826
997
920
945
905
874
811
978
848
909
194
879
830
986
921
886
863
21
896
815
860
812
447
831
890
855
672
841
950
937
530
909
894
981
871
868
817
830
916
973
951
841
935
979
956
827
538
983
972
995
906
902
894
152
828
955
898
904
945
593
935
991
888
856
872
889
972
583
849
931
928
844
897
843
819
874
926
945
995
852
905
595
202
182
916
816
899
670
838
426
960
314
901
906
18
864
860
840
680
864
842
62
987
821
844
906
840
894
877
873
833
921
897
950
937
972
622
834
920
718
831
934
374
836
859
810
851
993
599
133
932
920
959
903
893
832
813
936
855
495
914
964
362
926
980
982
980
998
904
813
956
994
275
881
829
190
853
898
929
918
888
844
828
660
36
588
80
662
953
988
884
825
844
897
839
526
962
865
931
891
432
951
957
972
43
982
936
891
978
842
507
732
937
984
818
854
997
427
576
843
941
930
970
999
895
811
506
983
940
865
968
965
815
816
250
839
962
945
286
994
3
973
926
528
906
963
924
973
882
983
933
999
940
552
88
231
959
838
998
967
826
907
916
937
819
880
515
858
844
366
540
885
909
973
986
851
819
821
939
591
429
960
836
574
827
953
412
384
804
922
261
830
875
843
863
941
933
869
48
804
988
965
846
263
825
842
931
892
393
985
979
904
890
913
589
828
906
580
908
970
630
922
994
994
589
998
833
939
344
769
943
953
966
944
834
939
806
597
911
850
938
191
933
878
865
445
946
979
835
850
985
959
811
461
925
847
867
885
952
868
918
847
806
800
966
995
849
810
735
560
891
809
982
969
865
902
20
372
974
802
887
995
999
868
962
605
993
824
504
914
847
898
926
824
954
890
844
852
880
801
951
985
889
977
665
807
960
910
820
880
905
920
804
846
941
838
970
907
929
902
937
933
874
978
410
827
882
928
827
960
155
916
882
811
989
886
923
560
924
921
868
539
897
806
488
994
725
815
920
879
881
867
827
858
729
996
1
988
864
863
955
443
989
922
887
493
905
924
893
972
821
800
719
843
899
909
886
832
799
885
847
847
912
823
615
932
893
821
893
574
809
857
968
919
894
398
989
820
512
892
565
929
69
142
945
965
810
957
851
657
920
875
232
343
929
916
939
930
967
913
841
881
926
487
773
902
979
275
966
936
988
85
878
851
801
908
804
966
913
897
976
861
938
843
949
178
952
606
932
931
3
604
862
803
949
391
989
936
403
251
838
869
262
938
856
875
902
852
446
937
82
890
980
879
800
922
973
928
972
531
969
909
851
923
809
948
937
880
856
848
492
929
930
829
836
613
567
882
852
814
886
883
894
848
337
954
823
924
864
364
69
86
11
815
480
944
827
886
993
860
998
948
767
942
938
859
802
878
894
885
995
819
847
801
654
820
802
347
693
912
856
693
900
892
582
914
878
858
821
188
960
512
551
900
912
841
959
969
939
841
72
824
826
511
444
841
896
66
823
980
900
889
806
451
966
542
916
366
866
926
732
815
560
955
926
498
611
961
418
958
887
274
979
811
922
829
830
515
955
828
848
828
350
858
873
853
918
953
33
984
876
994
935
902
953
383
723
995
907
767
706
836
873
968
922
984
808
564
838
952
981
807
779
649
885
928
996
970
824
928
61
987
911
824
598
857
809
766
849
972
928
969
966
833
839
839
860
952
510
878
853
981
891
652
815
866
951
704
738
881
218
927
674
896
803
865
980
847
924
855
425
963
933
907
989
789
876
752
17
842
874
977
563
866
879
9
841
847
843
869
814
990
956
12
463
853
826
893
847
930
999
882
814
824
234
868
476
541
913
851
815
858
297
942
983
242
116
957
902
856
964
988
887
875
860
905
994
683
975
632
872
979
909
937
971
787
944
942
558
369
801
820
824
966
800
838
116
359
813
462
824
980
835
815
652
890
888
997
328
322
974
497
864
696
862
889
897
828
996
903
836
828
839
543
919
464
813
899
810
274
900
951
855
827
852
941
875
813
965
818
219
988
856
524
951
416
569
992
875
460
936
956
967
899
868
879
859
996
955
805
862
944
922
952
894
997
829
551
751
835
858
966
889
830
883
980
766
733
952
802
853
939
910
891
897
675
810
890
800
969
923
927
915
811
838
894
924
609
832
103
886
426
866
805
808
999
996
874
880
801
966
848
922
912
829
14
808
529
908
854
976
916
994
897
969
897
298
448
857
805
884
863
952
888
991
869
969
928
821
802
914
892
873
936
949
875
883
840
981
907
872
130
883
453
932
873
984
858
843
931
823
968
977
945
844
945
983
667
944
671
839
871
866
834
895
879
888
948
986
721
915
875
965
952
827
993
840
136
951
800
879
829
993
997
869
908
688
605
973
47
833
956
999
327
446
978
898
913
803
857
932
941
991
927
990
972
474
990
918
960
931
839
899
893
806
678
979
901
857
664
942
907
852
913
914
943
958
942
829
878
818
801
885
810
998
839
895
928
831
425
169
844
866
533
57
270
900
957
817
986
612
936
935
827
886
860
968
853
856
958
905
872
904
970
347
810
977
831
988
977
827
953
904
915
921
957
913
861
997
523
598
858
823
644
803
966
987
828
854
967
932
918
862
978
873
393
828
803
956
382
835
590
898
579
940
999
872
922
860
800
903
850
931
897
899
947
926
945
877
975
691
941
595
880
956
900
863
444
905
847
856
922
148
957
801
915
946
822
930
920
580
801
976
954
689
915
994
881
952
949
877
828
934
0
863
77
979
809
971
888
964
823
812
916
898
529
916
985
627
968
833
876
881
897
836
363
921
788
848
800
943
750
856
942
473
960
883
845
922
653
878
951
916
821
930
935
805
850
678
992
887
951
854
940
928
878
831
813
875
827
819
936
814
835
681
874
966
471
596
915
826
996
839
930
921
895
822
965
679
919
895
972
954
920
954
916
840
831
815
908
822
921
863
811
972
530
915
889
934
844
933
306
969
902
934
911
124
929
527
900
746
914
935
855
938
835
825
859
947
895
923
938
837
926
907
55
854
950
807
813
901
872
936
894
852
878
989
891
829
832
904
944
935
825
821
920
970
925
995
834
820
873
910
739
818
16
833
822
918
945
861
975
836
821
934
816
4
863
195
966
894
894
864
946
847
802
906
802
821
836
898
809
843
969
246
283
811
847
474
931
288
973
890
956
834
64
923
213
906
860
217
948
289
807
828
754
843
800
996
850
983
451
5
898
880
904
255
900
978
994
972
890
817
818
978
959
909
910
872
935
296
904
815
946
943
937
892
905
901
961
859
912
895
891
619
916
822
999
860
943
908
844
884
418
808
418
470
839
840
973
209
870
843
840
967
892
497
854
848
645
456
65
179
201
290
751
816
51
821
944
851
837
315
922
702
946
993
881
912
903
860
848
830
959
902
942
857
305
918
396
996
843
196
942
848
958
804
999
790
921
933
971
814
853
907
792
417
940
345
924
568
862
958
39
985
978
807
864
976
907
886
865
961
839
910
829
375
813
991
520
708
860
883
995
884
826
848
939
824
922
858
647
855
819
932
852
889
863
981
944
964
823
919
932
988
977
866
978
903
924
528
154
975
902
882
634
834
838
812
878
954
123
940
458
260
901
984
820
982
914
833
170
382
979
800
897
928
829
869
906
109
928
841
986
876
801
961
376
799
887
840
915
357
952
791
823
926
934
326
835
978
903
831
889
896
784
889
976
831
853
915
999
887
886
228
957
819
802
933
797
298
48
986
740
976
892
837
835
813
947
810
936
113
876
958
957
467
980
845
843
805
849
942
863
877
849
815
822
958
893
673
907
878
906
905
707
854
957
901
852
860
925
993
13
894
929
992
838
405
930
979
863
912
957
950
814
71
460
809
992
857
975
963
434
837
892
852
926
923
827
847
909
339
928
452
871
939
935
872
540
856
806
294
925
972
595
937
896
899
810
924
591
873
638
517
483
996
876
891
918
171
698
932
996
854
923
916
158
849
938
827
7
874
819
884
817
397
852
993
822
227
900
953
898
975
493
974
816
924
807
909
808
867
854
815
909
898
973
961
980
831
489
808
937
859
849
285
993
843
924
65
325
549
836
888
987
811
922
93
982
895
945
855
409
392
952
374
963
983
90
454
636
967
988
778
932
994
978
51
949
115
846
464
877
828
816
684
906
997
885
928
852
921
692
804
858
819
907
882
938
862
850
966
801
866
904
981
964
829
490
287
847
877
946
893
367
998
957
91
865
825
975
903
805
782
886
975
668
509
934
871
880
964
805
305
339
482
921
967
849
978
821
814
913
943
119
992
857
926
871
842
893
963
879
830
876
979
835
821
960
982
903
849
35
833
802
96
829
824
218
830
896
803
948
840
963
958
420
927
801
813
171
910
860
302
926
541
820
815
317
836
840
441
902
936
865
247
835
993
554
844
30
845
882
990
633
956
872
540
857
831
900
469
522
968
36
666
873
801
935
913
878
815
933
863
873
913
852
917
961
942
844
825
415
926
981
982
893
959
810
878
963
947
948
997
812
828
852
834
911
863
94
845
935
254
896
749
481
968
834
855
960
804
938
809
938
899
909
965
606
931
802
242
974
894
106
877
138
903
854
895
509
772
835
834
883
521
449
680
994
897
804
926
941
76
878
971
894
800
516
855
963
962
813
104
843
848
941
777
490
957
976
481
984
976
969
838
937
968
114
935
935
821
939
734
890
938
962
865
855
854
899
971
921
494
159
813
377
774
930
827
945
899
819
965
725
896
861
852
419
848
851
957
841
969
891
932
891
935
924
952
221
881
948
864
935
714
959
207
803
401
292
226
996
803
753
901
890
824
875
300
912
925
848
826
823
839
668
911
892
875
948
31
941
945
987
417
572
808
868
902
665
869
485
890
615
575
894
980
824
950
950
109
153
756
436
900
859
839
938
913
970
818
825
183
951
449
883
923
969
869
810
871
964
338
876
971
266
989
846
977
397
812
939
871
963
972
889
945
988
948
871
404
911
462
685
973
866
977
902
848
997
857
837
874
917
988
827
964
850
897
895
881
913
132
942
878
888
857
981
839
836
933
573
682
917
986
282
938
547
815
925
876
896
361
911
861
868
987
203
959
710
917
233
878
893
961
888
994
986
860
486
949
952
736
574
980
194
875
869
948
916
965
978
975
819
814
864
983
933
913
0
557
897
951
865
764
251
402
955
180
974
866
437
971
832
972
999
907
895
835
502
694
805
971
940
804
802
950
827
932
593
814
940
920
300
811
890
283
901
852
869
961
431
957
846
79
889
929
505
819
571
927
157
971
693
804
825
836
956
742
921
857
969
103
892
838
869
860
205
966
796
990
952
991
528
225
847
7
989
610
810
454
929
901
873
807
927
324
906
991
921
966
480
901
807
832
906
923
863
927
724
818
796
833
881
971
836
894
976
833
920
414
805
926
992
900
967
993
956
870
840
808
433
813
910
871
859
837
986
620
903
948
888
994
900
786
879
962
71
849
822
864
997
801
862
811
995
948
858
60
876
924
852
12
990
947
943
830
631
809
846
681
893
867
988
883
896
614
712
850
922
897
364
164
805
568
928
823
955
884
881
752
913
886
861
887
898
844
881
953
922
932
4
835
872
788
802
998
990
975
962
766
882
887
835
844
513
844
102
982
880
784
200
869
857
843
964
187
469
925
896
801
505
814
950
924
947
927
805
821
973
932
847
999
133
855
891
947
955
971
927
849
960
734
974
915
943
819
983
872
847
948
875
852
925
969
837
923
877
291
960
404
834
949
925
833
991
813
973
971
848
912
809
938
862
675
909
994
829
856
954
321
832
798
936
868
937
803
912
974
999
950
881
979
949
960
974
947
930
813
856
912
589
878
648
975
779
747
989
981
802
963
964
890
842
876
199
877
953
291
927
774
844
938
917
843
707
877
939
992
874
999
961
981
813
832
510
899
967
804
847
915
877
914
949
844
979
972
368
825
932
812
965
835
911
829
861
471
811
920
915
832
807
938
900
837
848
825
754
984
808
929
985
880
855
977
314
859
886
950
184
881
998
459
841
901
545
959
975
939
917
815
923
864
871
858
996
843
876
293
932
974
273
901
827
929
843
801
579
881
950
680
842
927
894
834
847
755
974
950
969
14
939
978
837
974
831
20
964
815
908
889
813
937
988
981
928
811
880
912
933
903
618
937
891
811
905
548
838
931
670
943
968
993
848
340
627
895
955
930
824
885
885
957
919
979
989
844
870
868
852
971
808
822
17
868
990
820
440
971
910
957
888
910
956
229
961
985
844
963
903
856
917
836
812
226
817
914
944
976
866
994
980
890
800
811
477
914
811
861
134
839
804
849
973
925
829
879
820
991
884
836
748
860
862
816
992
816
995
979
996
817
834
175
891
868
933
817
868
815
855
831
811
72
316
990
819
880
818
963
948
955
913
996
901
963
280
846
961
937
978
914
909
967
858
945
909
867
810
873
816
864
927
984
152
537
854
972
990
816
891
288
63
860
19
805
989
888
930
876
701
991
929
974
994
934
926
936
929
946
804
834
977
419
894
876
856
840
947
914
435
970
873
812
817
823
980
606
830
820
839
912
741
806
892
571
190
311
555
920
924
853
826
873
956
846
875
728
892
603
891
915
991
840
885
866
893
847
977
981
857
999
806
919
581
803
884
854
838
697
808
851
882
777
960
869
948
968
947
800
668
598
850
859
434
902
92
900
417
903
955
975
836
838
957
958
854
835
956
941
600
833
950
962
866
818
563
816
853
855
533
961
868
981
886
979
64
428
976
891
845
564
821
975
919
936
810
408
931
969
857
267
996
850
893
856
802
948
949
721
601
879
994
845
914
929
822
516
962
994
960
882
877
463
976
829
70
828
970
874
865
830
823
978
865
974
110
988
814
923
971
886
174
990
805
895
853
643
925
244
847
896
843
912
970
826
888
954
835
644
917
903
630
824
974
956
931
905
879
934
848
988
946
915
878
161
870
960
924
896
565
933
809
869
329
810
719
789
877
837
929
874
687
971
696
976
861
982
892
832
865
916
899
962
898
988
935
992
803
970
953
894
233
839
918
981
905
824
892
709
833
962
492
821
831
917
828
837
882
816
862
840
470
824
974
911
899
850
833
421
865
831
815
886
828
924
958
536
941
980
839
372
845
843
424
922
989
924
836
710
998
998
765
984
718
813
926
890
858
955
992
855
495
806
845
915
815
953
842
966
858
953
874
832
909
821
940
915
892
928
885
914
320
970
958
962
972
801
859
601
860
905
966
802
993
265
695
998
848
819
845
906
806
781
861
836
626
987
861
886
884
899
532
813
316
902
970
866
886
860
937
903
508
811
413
925
982
817
853
901
859
904
831
872
881
424
79
888
578
869
944
838
875
876
882
835
971
870
811
978
744
806
949
988
329
942
862
826
53
903
809
637
851
869
172
829
982
54
890
927
358
843
948
933
823
947
945
876
952
998
202
115
933
851
387
817
890
937
177
801
905
879
894
44
993
871
922
971
943
885
802
961
826
955
893
873
719
829
897
748
944
370
823
868
902
935
937
977
851
983
868
807
946
449
934
961
870
556
898
916
503
961
883
950
929
949
901
893
830
844
960
812
951
997
797
861
876
807
854
214
847
893
817
981
733
946
900
235
964
911
260
653
865
817
955
866
905
991
937
813
386
930
856
870
838
838
805
808
914
854
957
851
820
881
928
549
895
815
996
968
938
890
921
990
928
831
816
993
819
847
954
853
100
979
860
918
844
911
400
458
755
782
942
672
209
890
737
996
860
818
986
940
814
993
846
962
812
463
809
810
959
846
34
820
806
867
521
876
824
902
834
767
430
296
715
846
533
