779
789
128
296
406
754
164
71
250
206
674
792
436
180
671
776
182
68
168
422
651
479
555
731
10
350
82
86
211
783
409
469
721
643
384
134
109
267
444
557
153
656
287
596
482
28
907
55
876
382
925
652
101
859
44
422
398
693
796
211
764
462
514
225
438
209
560
601
283
838
740
355
303
912
597
605
545
279
378
164
402
893
88
316
820
15
800
907
239
735
313
885
76
927
275
698
15
217
759
51
647
925
417
99
8
368
945
84
962
779
548
404
137
598
230
276
543
697
304
921
69
550
906
69
580
205
58
514
236
841
131
928
492
863
247
544
390
454
651
424
686
9
372
309
978
811
974
534
23
8
250
747
400
119
824
456
712
678
782
730
145
217
690
168
290
606
621
837
392
43
758
387
506
472
17
656
340
885
226
37
275
655
476
343
542
912
986
575
50
841
85
194
497
967
270
539
594
901
58
579
201
802
872
576
63
580
670
595
636
454
907
106
121
624
888
876
917
436
982
920
261
924
241
410
379
979
514
70
500
343
887
117
611
113
448
145
960
635
688
680
119
274
644
742
468
208
888
4
784
972
777
827
787
77
977
38
617
257
817
835
184
126
366
283
238
800
238
978
604
73
143
389
257
54
421
92
234
408
221
13
49
397
352
921
553
320
734
26
524
887
307
652
30
37
420
342
997
140
122
485
403
513
592
73
72
320
84
326
76
120
302
846
965
437
598
346
200
560
559
537
37
348
768
200
348
32
936
369
34
286
237
631
96
610
12
78
544
454
851
302
173
300
173
489
157
626
285
761
80
86
153
629
261
918
311
974
237
179
5
526
40
683
102
692
718
141
985
559
36
602
132
915
277
587
584
68
239
27
56
358
646
425
700
260
148
853
521
880
366
91
50
138
633
897
411
40
21
203
12
155
477
691
847
208
725
744
255
343
795
410
839
999
381
26
712
596
50
74
206
865
807
64
389
133
257
75
187
57
570
941
849
963
969
336
334
310
910
651
319
338
839
877
809
451
858
333
831
895
204
182
948
661
991
254
103
712
545
586
263
699
256
292
223
504
726
315
190
622
598
973
910
5
528
982
87
355
269
395
956
114
461
540
844
783
729
943
593
483
977
946
760
984
799
678
41
104
122
831
570
272
855
97
821
971
738
851
513
509
970
865
277
724
383
605
769
677
162
363
209
756
223
436
571
909
515
47
831
774
464
22
32
229
567
931
474
231
474
918
810
197
198
980
765
878
793
466
75
373
953
253
149
233
959
932
121
489
397
980
633
464
975
827
423
425
933
487
632
633
271
570
675
878
509
987
587
815
2
555
543
731
652
914
355
989
766
151
55
232
678
983
388
668
826
697
161
355
481
948
566
667
849
156
294
338
482
446
973
774
46
452
927
285
814
142
8
51
551
840
300
535
51
245
145
866
99
492
839
121
802
548
574
81
809
65
901
842
757
416
102
649
491
446
229
707
112
174
746
441
892
429
46
27
3
591
182
705
859
864
1
711
450
310
686
226
365
692
247
265
31
150
727
995
58
859
28
771
191
674
861
198
594
873
389
989
207
701
825
831
802
869
649
202
876
792
819
236
776
118
117
406
912
969
584
501
184
402
124
741
867
808
94
964
103
739
98
137
708
386
465
128
120
607
644
872
644
778
27
554
489
59
544
844
891
262
109
850
31
498
480
910
865
63
496
581
458
423
733
923
201
734
612
930
944
636
458
730
297
67
847
217
426
573
419
120
396
764
154
250
79
122
151
230
453
274
9
401
31
305
531
451
180
844
419
893
37
834
609
170
161
884
519
94
704
928
342
284
137
346
729
888
513
269
724
484
739
320
258
777
370
127
737
116
369
795
713
5
937
843
943
173
943
987
974
403
61
440
264
837
915
448
424
218
297
972
149
273
719
532
760
366
445
899
628
536
246
185
647
58
185
568
853
225
90
473
812
90
322
97
259
658
848
739
229
778
376
668
174
377
968
332
494
488
678
726
782
160
437
552
57
368
277
40
936
949
679
625
429
689
462
593
475
331
685
815
84
270
576
678
415
545
702
946
917
681
368
889
50
142
942
316
936
169
259
737
616
317
579
341
404
586
379
216
878
154
663
237
757
933
22
20
378
578
511
313
148
177
544
617
227
167
141
848
36
435
241
13
636
245
910
522
35
14
845
611
330
866
971
478
650
490
467
545
193
341
368
482
230
574
115
531
385
380
303
208
575
107
480
65
9
269
805
361
261
402
513
955
522
198
182
149
440
914
220
778
896
850
509
889
466
699
539
861
418
370
678
42
804
237
294
567
967
877
360
672
279
816
922
587
81
926
202
377
580
84
875
58
205
76
24
953
73
618
298
224
449
444
366
66
483
455
682
311
630
126
167
942
551
717
15
814
379
184
278
200
772
733
699
179
663
385
667
662
38
267
221
745
59
191
843
510
784
565
833
220
486
837
428
965
778
681
964
275
758
908
824
680
318
476
226
170
905
775
862
24
565
827
124
530
753
270
35
546
56
3
813
40
910
251
455
591
985
131
108
522
762
928
118
486
74
331
820
370
110
703
199
730
869
73
850
454
507
393
128
61
139
999
76
677
815
291
614
311
483
339
324
218
709
671
564
371
34
954
991
318
470
856
188
69
55
743
360
55
260
294
69
454
978
509
298
627
164
862
779
125
757
564
200
686
329
519
351
700
667
340
9
11
219
553
873
337
210
141
901
22
587
675
63
86
450
792
155
606
608
702
628
6
317
549
926
347
359
572
422
883
250
342
266
253
583
861
367
272
894
461
435
609
994
836
309
237
735
929
991
798
10
260
334
996
799
261
102
573
696
32
107
434
785
962
293
858
218
10
768
290
639
826
106
268
945
626
455
196
623
821
395
688
491
841
2
655
89
113
314
120
464
372
49
105
360
173
874
406
48
486
14
677
46
51
273
425
927
973
300
108
312
344
998
920
387
230
232
858
758
632
18
458
42
141
681
810
968
561
662
169
689
21
794
787
159
973
90
935
500
312
801
36
676
707
723
310
138
54
711
56
954
160
749
169
377
600
765
190
202
177
864
957
8
16
286
990
622
46
381
190
634
845
190
20
468
462
150
830
130
451
268
728
24
744
106
851
734
400
150
727
370
663
241
18
592
784
801
122
639
665
285
574
320
727
159
707
758
249
931
86
18
625
252
998
735
500
158
348
939
730
461
770
750
838
562
869
190
222
611
579
469
317
275
585
110
274
250
171
268
283
939
192
375
413
995
657
541
878
905
183
651
757
669
739
126
318
753
312
551
681
60
163
161
911
134
993
3
334
519
592
939
56
507
914
567
977
945
366
268
441
193
345
395
437
396
301
223
332
739
31
651
865
109
293
752
802
597
480
224
846
627
642
148
438
636
39
780
956
897
901
217
346
104
888
959
620
355
693
993
79
628
364
863
338
891
402
64
465
781
722
670
490
745
848
933
491
571
35
919
763
92
484
835
527
810
704
99
211
430
507
906
225
420
357
823
323
266
162
132
360
947
540
317
806
83
650
156
439
641
644
450
741
187
396
716
619
847
626
163
430
976
203
71
934
949
272
476
598
879
402
868
187
630
653
40
662
80
80
456
198
41
600
904
884
989
322
73
373
323
61
719
145
599
593
374
360
870
144
49
103
509
493
803
309
246
215
860
753
494
985
518
24
929
379
93
840
464
586
593
521
1
328
229
933
824
353
52
391
579
397
264
221
447
398
988
899
613
995
281
586
634
177
90
836
415
196
272
488
425
511
459
725
362
432
55
89
1
100
92
645
541
591
108
560
152
626
16
607
255
577
307
12
197
968
949
523
18
144
951
936
269
182
613
171
439
261
249
507
10
265
85
579
54
647
482
357
233
664
90
503
222
409
300
619
942
989
824
233
764
563
728
254
216
696
243
254
311
648
97
172
444
302
162
687
465
218
266
29
748
473
667
140
777
305
475
31
486
471
258
401
286
412
168
532
685
989
412
890
909
42
569
414
650
851
656
82
940
399
967
380
382
752
362
971
656
28
34
698
11
479
61
112
574
686
472
870
515
415
513
338
290
591
236
615
80
140
28
62
536
954
601
146
166
506
173
434
162
675
144
599
844
314
440
987
137
391
717
574
1
768
970
382
431
845
295
436
483
867
805
735
164
890
209
697
437
153
136
361
619
29
809
183
720
51
224
18
338
962
299
994
646
844
966
771
408
428
358
634
277
381
46
847
161
237
453
332
772
214
658
678
162
321
216
60
372
226
294
622
328
578
29
455
850
783
443
43
312
365
558
981
76
53
342
62
788
678
589
556
673
361
972
66
889
331
951
41
42
3
367
414
360
364
387
451
597
430
441
783
247
966
102
153
877
881
943
142
462
671
33
181
448
97
354
578
328
900
728
565
690
633
172
15
576
16
623
28
342
316
833
672
736
119
79
745
603
16
956
44
622
95
130
991
240
234
177
528
374
383
478
667
191
49
801
236
516
192
295
102
862
925
444
529
347
235
370
620
530
342
524
751
2
14
773
594
464
334
945
959
96
152
552
422
244
132
669
686
171
779
733
632
67
230
670
400
982
278
548
925
313
302
885
785
879
568
936
965
750
644
199
595
393
642
341
877
791
305
739
10
36
964
502
197
586
47
518
727
536
547
96
105
953
898
679
827
577
116
12
382
403
720
262
792
790
920
565
111
742
518
690
220
672
669
949
837
503
532
737
995
828
645
618
440
459
139
183
60
320
715
429
107
675
496
133
736
983
256
431
768
136
649
105
557
59
243
126
577
149
980
707
808
104
995
824
5
784
300
262
801
351
289
519
104
501
987
511
712
81
868
502
535
4
224
608
583
337
230
569
972
406
822
252
365
283
99
829
747
740
193
105
752
273
722
799
392
420
162
956
658
501
744
299
83
241
119
654
540
991
561
798
243
323
236
424
677
59
438
344
515
66
729
312
287
310
28
423
970
740
248
48
123
941
67
702
20
632
69
476
258
759
514
931
958
903
363
522
641
918
687
660
857
136
848
433
450
439
824
56
113
418
660
79
988
788
143
48
993
504
81
370
463
237
513
760
492
246
80
482
685
872
246
4
802
600
120
868
445
378
566
117
511
507
694
36
411
858
249
872
878
647
893
455
321
708
417
625
377
274
219
369
769
104
310
924
52
18
823
85
53
524
399
497
994
742
20
571
3
306
440
493
994
870
608
387
155
740
133
832
213
789
776
233
761
333
583
544
41
339
500
532
387
471
976
393
140
695
732
275
166
520
980
187
40
212
371
257
697
76
969
338
648
722
754
468
259
865
2
506
885
394
665
160
499
707
37
176
212
701
833
957
149
741
39
1
8
279
402
779
778
148
616
530
831
112
792
491
588
413
33
34
535
139
409
234
95
414
444
847
896
755
585
85
663
557
188
700
981
47
905
383
782
409
226
797
39
85
311
713
582
486
967
828
501
917
747
64
679
745
759
954
580
584
738
48
911
19
605
813
772
588
890
364
375
91
293
387
806
319
142
361
585
415
23
178
116
512
470
456
833
882
638
808
73
803
46
975
77
140
264
167
428
59
754
327
431
623
235
996
716
617
153
212
121
159
691
384
146
540
84
207
713
171
998
318
928
26
650
886
353
364
203
88
251
185
322
562
554
618
623
953
372
940
788
538
11
199
689
814
635
231
992
655
526
274
7
199
653
791
853
777
134
348
52
691
673
942
632
944
560
475
517
127
692
463
562
188
592
668
383
296
880
253
581
271
158
984
634
183
267
167
931
159
220
120
789
240
323
154
983
351
473
565
605
511
114
116
323
785
647
954
183
288
585
288
843
155
857
716
125
454
978
570
445
316
152
940
636
213
956
955
263
253
941
900
912
1
826
690
212
375
732
341
779
858
855
355
796
436
43
773
16
79
53
325
196
399
77
483
300
651
403
654
137
909
775
110
45
190
774
333
31
943
657
913
357
797
402
720
65
797
510
211
521
453
836
276
289
339
784
754
516
5
350
916
136
663
755
72
261
371
646
55
352
583
301
172
485
239
59
697
407
174
957
187
572
392
821
710
981
3
34
846
610
700
228
774
298
72
83
159
405
247
777
628
471
863
749
308
235
324
144
321
376
118
195
625
494
606
683
611
198
55
44
600
45
110
154
563
304
481
273
131
573
680
364
346
347
140
61
669
419
662
213
6
846
96
758
67
353
355
983
732
50
427
961
426
559
77
148
473
760
438
330
105
526
450
31
997
252
28
388
322
700
255
460
1
999
427
22
807
312
673
258
508
477
931
354
126
923
160
131
734
367
363
208
262
954
871
788
904
86
845
908
739
665
47
691
207
184
897
606
81
27
94
416
191
22
882
392
693
270
216
103
743
343
21
549
895
44
490
346
379
387
112
103
607
773
861
925
398
185
71
14
150
337
536
916
499
843
316
85
661
326
3
489
204
362
354
996
694
128
831
818
796
178
937
644
894
62
365
41
698
394
990
390
964
294
808
37
193
189
706
913
996
98
253
252
509
369
915
314
862
457
592
63
278
174
834
526
78
992
773
955
124
764
595
572
226
455
71
550
344
908
17
243
913
110
547
941
959
460
114
24
962
593
855
806
53
793
687
492
656
144
343
358
600
585
679
195
874
548
875
262
472
25
363
349
659
722
684
726
503
83
450
803
6
673
705
815
488
743
11
434
156
711
222
408
688
573
9
999
460
639
170
151
971
257
774
652
37
938
772
420
330
531
501
938
849
324
6
376
352
736
340
745
461
268
476
106
506
18
742
544
666
285
901
474
666
23
664
939
70
425
363
379
210
288
319
812
52
377
360
61
516
892
948
407
819
673
944
9
966
416
611
167
155
660
200
393
170
134
887
871
287
381
544
98
685
741
937
723
265
588
267
813
521
844
520
372
185
649
816
705
590
16
932
366
676
499
172
242
322
628
473
284
590
165
94
396
110
82
902
867
696
536
658
697
703
177
756
84
764
851
290
839
262
131
724
511
32
155
15
108
767
770
39
151
457
800
462
149
467
652
825
150
223
39
151
28
182
687
959
595
279
864
201
645
868
604
676
709
59
948
834
205
954
522
264
132
836
510
18
2
415
736
421
882
571
259
426
239
815
368
545
199
634
976
228
923
672
204
513
532
684
129
267
972
289
924
485
691
57
836
303
276
905
125
780
231
516
707
170
403
853
640
636
900
218
132
731
99
9
418
766
178
701
464
838
411
746
725
860
178
301
625
174
244
763
251
810
903
926
454
648
817
466
952
943
243
417
567
159
111
27
857
471
407
698
518
162
624
227
577
839
305
785
115
17
922
234
288
922
885
458
664
525
449
412
297
751
504
423
537
680
677
622
748
912
216
680
104
213
48
4
425
19
679
233
311
263
587
397
926
430
471
632
811
793
95
347
606
354
454
869
439
632
460
226
477
722
474
16
421
343
395
602
206
592
662
12
166
250
425
485
246
734
47
780
190
158
949
117
324
567
630
662
693
840
649
690
383
955
496
553
126
240
508
512
795
922
670
607
659
183
995
868
97
456
271
868
510
142
971
9
169
790
317
706
777
957
728
984
188
10
901
444
50
858
871
439
576
715
153
291
119
627
359
492
430
181
651
192
618
478
66
635
640
997
643
582
781
157
385
426
426
154
263
709
945
85
23
401
710
917
597
23
354
399
327
461
214
975
856
631
576
49
95
173
147
512
303
66
100
319
63
99
466
713
923
83
328
382
242
97
894
473
58
704
178
714
146
258
209
759
217
111
842
449
765
39
270
345
427
628
733
8
683
620
590
711
343
405
278
333
786
499
751
573
52
2
561
816
724
398
366
591
663
588
336
634
195
981
455
302
584
172
975
302
935
554
559
467
935
521
42
991
600
540
34
352
770
503
106
309
659
729
648
275
498
514
650
65
77
107
60
240
217
944
165
129
251
534
618
571
877
525
504
70
393
143
912
351
542
867
277
215
705
233
780
21
134
891
659
892
546
388
524
608
56
93
921
139
76
493
442
176
22
173
315
124
270
752
252
766
342
61
390
157
487
520
45
606
849
115
105
685
991
859
702
527
350
580
131
11
4
559
293
45
785
16
566
241
746
251
595
876
30
484
510
583
669
248
609
228
490
52
502
897
727
773
494
424
104
231
276
384
801
461
432
269
268
130
948
706
502
558
157
306
368
886
449
445
992
772
316
207
476
152
771
238
478
310
80
10
982
438
119
829
744
95
290
447
830
827
978
417
872
728
540
657
124
788
893
769
713
711
43
314
449
495
221
166
697
535
22
505
229
650
887
264
766
748
865
481
141
525
319
818
948
173
881
906
177
923
518
838
201
138
386
306
738
610
718
314
445
452
232
176
914
533
194
356
98
415
414
837
131
206
538
440
746
155
258
328
764
431
576
629
472
362
348
263
129
123
43
53
244
737
134
951
687
73
726
790
547
904
512
611
645
842
389
898
10
636
409
499
314
762
194
837
925
822
973
707
431
932
466
798
556
235
791
989
976
158
862
808
668
384
662
625
599
19
841
960
615
203
892
44
392
489
90
175
1
404
250
13
392
889
626
588
660
952
866
30
335
862
165
393
460
701
12
376
619
123
567
543
376
388
989
543
219
261
179
765
394
899
859
349
373
749
988
766
401
643
830
143
311
232
716
313
203
69
614
453
788
53
829
254
116
116
160
350
408
761
9
670
100
55
317
415
312
910
415
185
655
462
297
137
696
200
438
459
99
27
975
492
198
133
674
666
475
378
219
571
721
105
170
137
166
712
389
427
967
861
797
532
800
7
429
369
146
614
534
73
850
954
2
708
871
678
236
620
601
755
56
368
572
531
194
676
276
36
770
873
944
283
429
873
29
300
116
721
337
228
525
558
641
467
763
697
331
355
489
790
552
784
626
762
776
730
406
852
689
669
867
455
378
647
618
214
612
505
134
544
942
47
553
263
674
635
908
307
593
995
431
313
147
65
170
572
15
169
860
462
433
961
15
256
25
901
646
258
903
960
988
2
652
643
402
820
876
172
645
295
503
433
188
144
549
82
201
804
778
528
485
716
126
124
896
633
631
304
864
323
54
420
951
982
179
575
495
174
55
248
385
802
806
940
934
909
583
397
48
750
199
83
670
654
118
68
288
808
722
938
291
911
396
421
935
771
171
318
21
273
300
895
556
490
729
781
33
749
503
362
334
335
645
740
410
20
58
656
609
465
494
811
89
938
93
533
107
874
61
741
856
241
282
591
194
409
743
595
496
82
244
54
244
407
882
822
21
641
829
951
139
565
17
399
714
675
997
463
678
78
485
533
625
769
91
707
881
77
403
202
952
222
793
141
314
863
373
386
132
869
810
660
485
433
938
216
832
45
614
336
180
749
130
175
363
363
243
512
891
146
245
322
358
58
191
325
782
674
405
905
384
663
706
192
255
92
512
100
359
481
263
543
852
240
937
911
339
829
70
124
5
554
738
927
351
723
539
216
20
643
133
698
292
807
424
935
215
54
417
768
406
802
755
874
196
235
923
880
630
92
481
239
58
235
917
108
204
251
397
938
228
189
529
740
992
850
143
985
128
878
847
728
538
479
613
917
690
153
615
326
860
210
876
993
931
886
488
992
561
369
969
854
779
472
464
765
17
893
837
88
7
41
720
304
627
755
239
371
493
843
181
825
988
895
897
364
606
564
109
532
49
831
449
374
639
500
726
736
502
47
633
143
427
522
714
406
614
57
51
623
281
596
631
179
864
120
472
885
325
357
129
192
846
447
968
222
463
942
223
897
960
895
3
207
74
249
119
494
929
358
807
145
371
796
741
142
764
332
737
223
99
492
751
613
908
207
897
619
630
96
659
29
602
139
803
883
413
660
238
467
998
332
315
232
3
639
20
986
31
242
406
432
714
156
144
841
207
299
252
382
175
158
480
448
585
275
534
414
33
504
136
881
614
804
187
26
87
38
158
155
759
992
592
220
8
302
965
594
453
695
443
587
75
126
717
587
236
347
358
326
208
32
182
493
917
974
848
377
927
906
520
605
348
175
717
201
974
316
913
10
726
808
970
148
854
893
383
597
8
517
867
164
381
870
983
487
510
54
147
835
301
620
856
259
934
929
76
159
50
238
284
385
895
203
993
340
341
23
903
821
620
410
671
618
369
708
527
181
98
530
158
304
461
387
984
271
196
407
126
701
299
827
545
964
485
6
89
853
568
127
103
176
683
284
219
167
222
854
6
518
601
759
100
797
822
154
463
373
201
950
255
245
153
449
644
12
266
895
293
817
346
23
474
811
981
1
685
137
555
639
200
158
922
541
241
486
602
200
790
165
542
838
292
849
115
552
111
849
936
434
684
19
805
177
211
7
424
96
423
660
344
652
169
597
799
266
326
367
954
63
833
855
156
649
945
939
381
561
516
703
411
498
804
830
290
386
718
882
199
640
24
665
142
884
952
94
502
209
76
430
494
902
215
154
947
14
375
118
586
201
68
816
317
133
814
589
950
256
800
188
352
523
642
13
446
160
600
718
565
309
742
638
817
750
27
251
841
318
409
457
870
271
795
168
861
167
147
248
777
506
113
330
85
668
25
924
656
399
828
53
152
574
43
997
293
291
228
103
727
469
629
161
695
904
167
97
345
283
456
4
712
264
237
575
39
489
28
498
465
119
491
689
575
221
96
654
826
723
337
558
592
66
879
421
460
382
577
679
120
876
67
520
355
165
499
615
242
875
929
725
269
106
603
186
664
76
920
383
297
418
904
907
419
361
7
661
30
110
375
401
280
641
135
141
395
480
167
315
65
449
553
4
382
626
982
67
812
754
114
661
457
906
67
998
526
545
298
332
818
533
947
452
947
527
202
114
502
90
35
588
332
411
341
963
715
402
18
975
767
775
15
916
564
11
406
278
568
869
487
888
920
893
470
938
582
114
727
613
298
146
201
485
653
153
221
433
281
163
277
926
281
392
49
377
239
947
457
124
208
540
615
630
569
588
25
77
73
265
340
456
60
428
514
305
292
635
718
820
482
500
305
809
920
909
956
330
747
131
163
822
786
315
381
239
984
293
807
665
552
712
107
322
54
772
849
934
879
380
20
900
162
886
68
230
7
30
939
293
814
479
503
410
763
955
940
686
621
263
905
557
127
801
463
597
612
129
478
35
367
111
304
164
923
918
692
460
598
921
731
384
67
8
162
155
557
112
589
1
855
270
484
48
289
920
671
596
854
715
593
873
184
679
947
884
257
811
916
572
194
228
5
6
687
583
266
470
934
30
575
14
718
421
807
787
729
551
573
480
87
354
695
778
359
993
634
739
179
227
30
646
122
380
542
650
194
419
747
902
749
87
884
899
473
562
51
751
143
565
690
450
944
231
536
182
786
371
955
640
868
852
990
38
276
457
7
265
206
421
144
914
253
483
300
781
609
219
560
41
42
679
664
243
921
939
738
70
95
165
842
582
888
906
787
543
379
774
654
573
747
56
610
528
130
818
85
398
221
667
978
205
264
295
970
367
314
46
731
336
471
1
287
430
896
209
37
312
129
442
940
222
999
872
217
522
154
932
980
768
412
63
14
298
414
291
817
384
530
25
534
845
919
221
383
590
911
48
767
789
229
665
783
964
274
722
821
296
617
576
805
23
301
467
826
830
186
527
135
602
459
781
666
81
871
961
851
81
830
282
969
156
186
465
930
520
18
310
271
812
89
148
77
309
157
657
331
930
883
806
179
202
937
875
89
378
699
649
423
409
966
256
873
676
5
580
111
517
706
941
183
254
626
548
899
765
12
86
963
169
721
35
400
780
474
47
963
437
325
8
640
25
102
950
64
74
101
845
78
881
857
604
995
730
397
293
397
535
729
671
422
117
742
24
919
331
313
305
329
295
262
27
888
93
590
345
754
797
496
189
863
676
926
157
466
845
97
92
951
523
616
664
280
716
87
521
663
232
760
360
628
760
17
88
785
421
342
202
40
229
457
243
58
519
555
71
734
97
474
785
932
25
481
519
372
968
831
365
446
540
900
420
370
204
883
241
580
64
900
956
362
84
51
5
141
343
405
724
617
26
396
117
452
432
398
769
711
135
484
540
743
815
963
782
916
14
869
118
138
523
121
624
645
800
347
343
768
498
339
947
240
437
298
334
501
470
92
108
250
27
582
967
145
960
85
794
898
258
969
441
786
613
83
923
805
689
770
789
390
113
581
119
391
324
742
563
700
329
962
706
282
369
836
716
165
28
521
794
723
291
142
553
780
151
798
391
800
148
184
775
431
68
944
171
621
550
311
121
715
295
383
575
804
38
285
529
721
253
131
418
44
5
267
40
591
45
732
710
887
297
596
731
13
560
326
413
996
914
852
310
180
11
738
214
479
792
979
201
134
682
519
5
499
253
709
65
631
960
703
750
508
416
661
840
988
640
582
4
644
980
158
302
968
783
375
169
512
830
32
975
913
603
321
33
6
218
874
412
374
493
870
23
397
301
235
960
328
369
703
639
22
294
257
537
615
584
266
457
887
545
285
620
180
390
601
723
527
29
791
469
921
669
429
212
175
950
88
700
916
75
26
278
59
730
21
671
740
755
737
661
986
970
432
763
562
113
794
427
139
267
508
144
137
215
530
900
398
398
843
656
139
657
469
180
498
660
616
696
255
810
5
631
335
435
295
649
922
538
101
686
781
212
570
116
281
962
599
579
720
160
313
149
1
805
542
682
925
125
178
101
295
258
155
913
72
282
350
378
699
418
89
890
843
114
821
2
666
832
259
309
172
458
385
371
63
90
231
36
905
516
16
204
592
858
210
854
616
242
336
949
531
881
246
995
84
840
343
395
699
813
424
502
57
539
529
808
567
123
220
247
422
298
910
157
154
261
238
207
88
832
740
798
50
5
633
864
390
692
250
580
516
196
688
265
315
389
622
445
446
930
508
209
671
60
12
735
268
469
770
160
538
967
890
693
437
45
662
354
534
598
517
192
839
702
208
320
450
272
378
673
498
584
820
219
646
871
700
507
637
601
714
653
173
394
297
735
74
482
194
30
525
891
517
919
498
631
335
304
67
176
225
76
371
189
765
500
238
194
830
53
147
486
631
177
620
817
434
110
419
782
37
866
444
163
345
958
833
106
441
365
672
52
71
894
130
225
316
411
769
733
934
861
422
709
884
679
224
443
745
247
933
816
112
943
662
1
877
358
608
556
924
970
13
66
166
923
670
525
885
543
820
367
118
939
961
887
133
139
121
980
787
43
194
367
80
789
5
2
124
730
427
602
408
375
151
836
541
862
859
902
996
215
839
975
248
677
855
246
756
181
769
341
797
54
922
405
648
715
284
889
901
947
820
755
795
704
325
166
488
807
394
559
186
386
872
413
568
797
653
646
871
986
27
245
70
43
549
44
615
307
757
398
912
60
950
798
602
827
84
920
445
19
397
226
388
384
224
578
412
794
806
254
224
769
276
566
902
711
684
91
88
281
541
705
423
142
252
597
226
326
127
294
180
377
356
279
472
233
644
321
657
353
690
788
434
718
211
357
709
140
933
271
61
528
30
401
682
888
754
826
399
414
494
447
426
71
379
683
456
534
691
676
972
719
757
672
393
408
859
280
723
534
281
116
960
265
335
767
653
74
763
318
51
968
612
213
6
504
168
404
583
639
390
435
789
193
312
947
919
965
523
273
949
942
296
833
913
924
79
65
856
292
29
315
175
975
884
831
495
184
698
351
921
274
157
61
618
804
109
824
752
68
558
272
861
847
898
284
307
891
719
342
117
417
807
718
407
3
3
804
791
56
325
962
541
824
245
176
854
643
214
598
979
829
883
915
2
24
550
584
412
9
884
135
713
949
439
716
481
230
131
849
807
346
466
219
679
684
569
107
801
181
195
282
163
600
552
956
872
587
133
551
891
90
19
496
562
665
338
729
114
530
214
178
784
686
616
73
911
15
918
898
611
23
444
426
378
913
533
242
447
253
853
71
101
992
245
55
477
190
538
97
353
610
433
243
850
308
477
32
773
956
161
11
11
929
890
451
116
973
636
935
598
171
578
78
102
590
352
752
321
500
198
599
202
383
381
275
462
169
256
783
457
487
39
186
741
689
65
812
151
112
353
346
985
581
184
547
994
350
507
362
941
64
130
84
505
981
642
609
350
100
299
484
844
990
464
946
957
15
760
517
445
75
318
307
916
881
298
491
513
106
333
730
56
320
284
36
428
210
488
18
403
672
318
539
133
208
812
803
920
561
96
338
834
764
93
450
105
881
539
328
122
993
879
902
862
818
636
683
218
249
472
68
528
504
641
292
777
43
361
24
732
233
331
749
392
286
790
585
178
119
794
474
409
909
276
51
289
584
175
416
694
493
344
357
673
489
467
957
636
612
974
705
609
393
806
183
250
720
713
92
347
609
22
854
871
261
204
214
227
932
482
113
809
150
413
197
927
440
9
291
694
42
57
452
302
579
776
403
498
7
509
804
505
289
435
846
290
435
43
467
235
903
483
524
436
964
886
733
744
662
814
289
577
104
243
11
195
82
189
546
852
395
192
186
825
331
166
969
785
1
843
180
68
332
183
448
390
982
503
408
339
916
112
131
3
231
536
260
264
122
294
307
864
6
175
809
909
373
17
401
146
145
308
280
321
222
465
660
349
551
31
734
663
212
7
412
91
60
899
767
408
562
987
778
704
998
267
699
539
952
374
193
337
495
257
62
45
531
66
761
414
737
476
346
976
474
552
204
832
896
7
974
30
476
94
272
571
470
747
113
143
452
969
832
356
274
958
374
353
4
128
85
435
327
737
115
837
34
187
912
725
345
854
667
79
123
86
127
879
958
984
695
126
329
483
775
223
64
108
95
477
277
554
802
254
962
344
570
759
333
764
953
60
204
979
748
548
317
813
978
16
239
88
556
676
554
795
914
951
740
946
112
204
436
907
984
799
73
454
361
232
588
150
303
528
288
667
21
229
484
101
743
471
529
92
326
167
221
410
814
290
370
523
377
412
638
249
588
17
819
448
143
488
4
759
338
555
607
404
486
327
989
651
808
123
552
504
353
907
930
290
834
549
508
53
271
356
521
782
365
234
503
817
743
717
977
860
358
689
13
870
164
889
750
451
431
3
559
961
16
288
418
288
489
953
299
212
104
635
500
997
72
118
742
481
880
281
550
549
594
470
774
237
410
568
279
677
93
380
559
497
443
721
205
944
474
32
273
713
929
928
161
182
361
66
162
16
115
98
914
401
26
208
805
408
63
948
643
466
712
789
44
284
586
181
93
479
855
982
6
19
686
125
122
766
16
171
851
986
443
957
934
339
299
721
734
47
475
32
813
520
156
41
203
107
452
847
409
922
519
743
160
274
185
159
450
59
998
26
188
14
605
846
583
78
446
663
244
604
65
388
983
319
144
701
894
382
77
961
758
936
629
75
586
396
127
528
499
314
168
156
260
98
826
546
754
779
543
915
914
905
37
117
213
966
480
959
17
335
617
648
950
179
994
506
714
638
391
553
507
694
125
64
196
101
537
918
959
915
928
146
858
926
848
657
193
127
102
708
488
530
674
527
90
800
892
64
588
455
427
958
115
16
47
416
490
334
893
362
74
86
654
38
403
741
844
637
43
218
236
692
527
741
908
348
278
894
916
29
688
757
866
506
68
702
14
548
818
557
33
886
908
952
471
330
996
638
590
117
282
23
823
760
594
211
524
878
860
299
506
572
822
436
329
376
139
901
228
761
876
524
738
727
260
79
330
865
118
674
438
34
46
22
835
371
37
214
425
295
138
634
32
658
883
668
512
573
443
526
135
851
416
184
248
83
308
762
225
496
329
952
260
780
214
70
309
627
100
181
796
301
100
8
145
464
452
607
702
87
279
840
270
66
96
151
125
129
314
987
411
41
463
292
505
683
992
936
115
937
252
111
222
341
349
868
632
282
155
703
186
171
284
333
187
574
886
89
946
590
315
356
576
215
758
996
186
604
898
123
556
468
607
32
188
63
205
285
934
249
566
298
717
516
619
871
554
823
963
367
991
367
768
577
608
522
149
306
803
475
485
231
544
624
287
599
717
877
852
613
267
446
199
550
359
886
195
273
1
484
145
879
505
70
903
75
616
892
269
357
267
61
794
38
839
492
74
562
746
986
475
190
902
435
107
339
227
711
746
896
648
245
891
924
985
48
189
3
138
168
661
558
933
939
223
755
354
386
682
215
344
130
926
163
270
571
340
420
392
984
892
604
599
38
11
203
213
919
514
206
106
864
375
591
974
174
604
370
253
411
325
264
820
674
736
448
78
39
435
507
100
358
399
909
42
866
279
44
773
319
571
286
465
386
7
430
929
235
603
708
13
276
648
55
410
420
727
786
335
306
733
860
7
205
108
148
999
879
394
91
193
618
124
174
535
330
27
866
461
46
226
596
924
986
767
208
986
466
842
655
210
470
946
179
612
394
889
89
638
453
550
996
376
434
931
93
799
505
931
53
770
151
509
772
794
400
204
761
848
214
604
164
118
28
497
640
490
10
979
326
797
405
915
652
487
78
196
684
244
983
138
563
993
77
150
273
843
340
762
339
437
587
823
327
860
581
79
257
476
286
45
148
786
33
718
359
610
218
824
731
462
948
479
463
324
122
736
512
266
260
54
559
945
596
83
372
897
160
324
82
762
726
104
262
935
21
220
468
431
701
814
137
170
260
152
594
699
2
880
291
25
494
86
791
525
972
248
889
911
591
135
826
388
246
893
233
337
580
835
88
26
578
49
813
945
728
999
862
12
936
23
87
623
969
967
594
814
921
350
255
277
897
635
320
4
703
681
547
268
977
14
6
446
17
53
883
442
786
33
626
577
31
385
798
19
661
185
629
112
44
950
878
822
484
311
638
419
592
694
290
443
798
533
327
103
17
212
196
49
744
102
756
331
900
395
449
950
524
109
230
841
876
530
247
464
665
953
510
203
405
91
659
251
971
188
61
43
756
86
166
546
270
279
177
682
255
782
303
930
140
36
460
102
955
254
211
461
224
120
306
351
551
64
213
501
110
981
714
158
863
313
62
857
349
698
514
492
361
952
648
75
863
210
198
757
287
149
655
828
637
356
762
867
192
148
488
584
211
303
41
619
695
773
280
179
846
6
572
410
191
523
599
385
400
925
402
616
526
684
368
325
597
867
646
115
815
486
791
407
413
495
706
217
833
296
30
650
883
80
536
459
319
780
42
811
924
791
365
163
136
822
380
433
37
120
209
976
217
259
879
237
684
565
308
441
15
273
296
482
17
396
393
377
793
463
651
317
164
471
115
35
746
998
533
688
11
880
323
359
373
613
501
334
705
407
814
83
109
280
836
94
380
417
121
700
424
476
892
234
161
623
456
38
268
35
313
788
575
548
925
570
497
546
428
608
926
468
197
336
963
156
156
230
990
271
550
116
394
610
548
244
336
903
413
468
490
389
629
715
249
790
596
249
40
619
568
13
70
549
193
898
974
98
54
74
176
957
334
308
550
853
28
873
706
11
559
381
828
627
101
505
775
535
414
584
99
958
69
626
715
227
701
132
296
113
673
116
318
882
4
983
798
604
197
469
140
267
765
136
688
460
576
805
638
552
769
681
460
4
820
57
966
70
904
796
964
619
904
621
108
47
768
304
318
259
758
579
819
725
330
810
617
380
721
307
297
315
404
643
880
720
22
603
416
114
475
701
286
875
404
348
658
690
529
69
338
567
857
674
917
940
781
185
895
932
564
869
274
9
834
825
535
172
495
261
447
401
424
770
373
905
254
447
695
443
667
176
145
819
349
930
962
581
227
961
132
157
872
375
168
646
637
841
106
45
810
589
525
589
560
158
908
624
675
57
828
868
255
4
313
515
441
968
530
35
642
765
374
694
546
142
437
745
331
792
630
612
284
391
806
929
935
285
677
896
821
847
72
611
842
192
830
564
421
292
256
605
748
125
2
432
326
189
531
70
900
459
933
79
307
508
229
181
643
827
133
763
472
479
558
225
647
206
269
421
635
78
438
989
867
477
627
526
806
248
621
451
721
62
980
399
467
713
577
520
884
496
772
163
672
951
614
169
695
269
308
242
911
114
128
281
735
336
605
774
558
665
710
277
874
130
687
531
716
983
751
29
493
247
332
218
386
416
973
699
181
961
121
840
227
614
829
857
350
418
602
823
354
569
642
963
356
247
736
882
103
681
749
7
23
103
719
472
216
176
752
272
888
992
979
203
906
150
723
700
107
565
459
69
411
64
918
669
686
582
222
795
809
34
266
75
279
254
988
89
637
844
675
610
42
986
480
556
408
692
125
334
518
517
965
297
86
336
71
851
34
620
96
717
623
108
232
277
349
400
994
183
444
424
655
823
603
404
756
479
299
979
415
906
863
146
873
617
366
15
62
50
471
82
708
95
517
738
519
105
379
538
661
376
965
296
850
123
710
27
91
153
605
80
452
747
67
919
704
309
902
335
751
195
673
135
52
337
34
218
738
168
283
301
704
790
786
857
428
14
197
495
72
255
970
231
569
93
68
978
506
978
949
105
708
737
497
22
412
120
307
609
324
186
441
753
994
612
304
163
719
644
795
252
608
515
940
885
369
657
235
465
796
175
715
731
113
560
2
325
47
429
345
649
612
321
355
305
733
839
987
234
495
156
2
946
653
91
417
327
448
732
234
761
286
49
960
14
209
859
687
756
33
972
163
111
135
533
451
959
666
50
899
38
178
928
52
693
17
478
563
253
231
958
149
37
169
275
200
79
953
10
289
481
12
462
21
690
38
635
860
396
387
9
109
664
917
184
963
316
289
950
388
519
221
554
306
622
687
172
775
589
339
821
722
816
389
44
356
913
896
52
265
865
955
78
390
295
94
479
642
557
877
656
378
152
3
227
141
468
659
607
672
506
445
222
702
128
423
777
733
271
69
238
419
33
794
783
903
429
586
153
599
546
603
966
482
858
393
951
328
834
505
881
108
875
205
279
787
52
772
147
458
189
828
436
398
845
247
124
352
766
130
572
555
41
87
432
688
786
285
88
856
286
702
172
25
932
138
568
766
724
857
17
468
817
386
516
323
726
436
301
833
835
209
796
188
79
884
99
59
780
280
305
320
359
977
165
864
600
563
487
595
629
891
710
20
259
835
784
405
437
69
78
425
912
141
439
176
413
1
595
193
19
429
20
537
837
289
630
967
232
751
682
458
579
210
928
157
725
63
570
569
447
340
724
746
850
578
34
19
630
659
405
529
66
590
7
236
199
100
200
549
555
910
703
511
866
732
463
803
238
233
394
798
617
606
195
241
348
291
900
671
202
553
825
638
147
280
126
106
389
693
652
329
384
19
561
380
380
134
256
357
585
300
244
614
418
594
569
392
987
414
927
362
360
878
615
848
799
455
171
394
566
189
945
122
637
280
938
291
566
647
220
573
376
952
117
801
24
543
452
875
692
441
647
593
767
10
26
112
84
187
227
966
289
95
215
48
770
282
152
982
385
215
293
676
429
15
152
272
852
873
231
24
306
499
898
33
195
1
863
89
538
11
724
251
990
75
808
431
354
578
176
356
796
704
87
655
966
62
704
853
303
587
680
458
448
195
281
57
997
977
666
547
187
35
232
426
903
72
645
480
211
698
21
707
710
315
186
95
473
342
72
46
918
576
781
459
337
658
596
685
439
90
38
305
197
80
461
442
728
58
294
883
323
567
166
682
329
930
658
110
15
803
513
67
568
629
352
683
821
753
305
664
817
24
669
470
555
564
210
571
265
593
734
706
187
62
101
696
849
428
594
139
742
359
396
805
810
82
785
944
128
303
40
813
199
81
27
451
829
538
459
404
722
150
608
637
946
213
621
75
418
577
161
639
865
887
104
206
12
972
875
877
98
13
633
493
439
671
994
62
709
67
60
100
842
516
825
327
20
803
763
210
35
445
399
330
845
633
880
491
776
938
447
363
505
328
713
197
30
696
242
101
453
292
40
299
634
171
630
829
525
659
125
732
262
746
68
478
533
550
175
35
534
442
753
755
792
10
432
72
324
892
386
754
815
521
282
202
819
507
840
670
400
653
493
123
625
757
719
758
815
680
953
799
71
752
791
970
623
761
94
709
532
601
751
909
985
846
668
581
691
569
224
240
750
215
632
259
6
634
629
245
285
976
582
96
489
964
818
852
763
29
387
853
185
321
840
934
417
94
179
542
407
45
198
328
941
795
26
748
894
541
329
198
29
351
675
109
207
239
93
28
301
134
473
272
558
832
601
785
567
942
223
97
63
252
121
524
246
389
946
870
188
654
178
72
477
147
557
653
691
510
340
935
86
990
998
14
537
601
260
521
159
727
874
313
341
668
743
838
527
301
788
13
813
419
39
149
890
611
352
60
138
99
732
453
682
979
356
360
42
13
666
150
284
887
896
793
235
89
31
192
391
101
234
753
192
357
531
177
174
910
629
538
856
825
220
349
400
918
551
372
51
941
942
547
820
981
39
213
132
973
36
325
287
65
502
515
694
546
487
46
514
164
731
904
70
541
321
138
695
154
117
191
959
3
49
374
793
363
170
420
324
776
219
603
739
303
965
317
583
780
615
553
750
62
874
799
681
882
528
98
182
60
677
9
811
654
735
551
216
245
124
696
694
446
836
759
771
852
766
88
87
454
128
272
262
141
191
217
775
685
894
400
370
83
282
682
542
525
118
793
372
522
750
927
943
753
19
178
81
269
364
136
407
92
36
46
817
432
483
427
725
861
523
654
569
365
533
248
899
819
744
880
655
729
109
2
875
415
557
607
610
927
563
667
207
895
564
689
823
607
57
659
899
119
434
575
278
77
127
283
127
147
566
82
589
513
698
680
517
654
750
556
537
135
32
866
128
119
748
726
816
287
930
625
902
101
602
133
838
693
308
854
562
8
170
136
198
29
6
167
333
932
957
536
534
255
233
574
515
561
776
601
327
420
771
78
622
720
977
508
555
554
93
490
423
44
490
541
82
189
351
39
136
491
347
45
818
804
347
351
941
882
240
648
296
152
140
56
711
18
948
94
64
842
174
135
287
646
438
411
539
786
344
129
922
819
561
363
453
278
191
159
254
627
889
664
227
352
787
744
127
945
581
430
439
121
373
316
955
680
345
997
434
240
74
50
886
364
113
459
640
168
225
467
944
557
2
12
744
500
111
357
811
364
183
958
259
20
74
856
968
520
427
84
685
38
322
349
822
736
221
771
589
522
631
535
334
458
147
719
773
767
480
391
697
21
497
486
790
327
335
205
433
649
818
205
939
834
508
683
637
56
906
566
59
42
8
695
268
140
41
907
374
273
130
762
666
469
657
497
25
21
961
828
973
391
466
264
159
205
309
8
585
333
606
512
811
457
326
752
628
811
209
442
249
511
877
720
136
403
41
122
749
173
539
73
266
915
324
977
776
256
812
333
621
74
219
347
384
4
624
622
624
703
720
52
374
976
265
57
114
633
563
162
252
433
361
618
826
428
426
85
518
364
812
816
870
110
632
503
388
624
985
600
999
294
827
742
249
111
985
574
388
862
430
797
102
696
511
874
937
762
270
80
258
976
542
993
276
164
971
229
151
627
628
599
297
779
288
792
65
224
376
306
491
1
353
77
271
928
728
75
306
312
194
456
668
642
767
225
304
372
266
487
536
639
508
809
91
349
185
283
40
478
275
919
609
782
240
106
206
246
26
838
621
50
302
417
603
8
142
745
44
705
303
499
760
990
365
381
691
921
529
748
34
518
717
670
809
182
109
890
87
173
189
228
111
201
373
440
549
362
529
756
770
937
823
368
329
200
510
345
69
578
595
335
54
58
453
943
580
358
563
105
138
965
31
573
385
80
13
776
854
154
477
196
846
168
416
91
366
724
620
658
561
795
555
898
595
104
810
981
771
12
340
642
714
19
256
287
336
180
641
890
637
691
177
406
213
475
958
904
984
135
206
693
442
714
515
971
203
92
805
855
207
379
789
582
990
869
907
825
146
49
882
812
692
103
59
105
781
216
174
554
33
747
257
433
816
322
547
344
114
501
422
458
248
802
582
161
638
443
225
82
553
537
190
495
223
696
286
251
514
35
359
787
832
589
438
675
859
641
366
937
419
10
652
442
48
337
645
581
510
894
13
835
674
165
494
123
542
190
236
793
681
310
845
129
477
759
564
927
241
20
278
987
426
719
283
680
497
263
586
170
290
18
320
146
735
9
940
790
21
371
775
761
308
570
288
353
655
509
624
828
688
753
422
132
410
907
234
446
125
997
547
332
123
26
98
468
442
598
242
801
81
631
440
685
501
547
25
228
616
650
5
350
160
165
684
832
54
348
537
710
25
129
504
819
442
319
543
856
244
640
991
413
382
191
566
81
134
641
137
856
196
248
705
712
404
236
57
115
263
62
497
988
556
448
51
287
515
725
999
216
469
709
563
492
778
841
322
319
478
143
240
915
971
933
855
653
748
988
132
220
311
395
469
771
834
180
979
19
524
165
296
242
323
121
238
585
511
310
428
593
368
784
53
292
842
210
838
456
48
710
224
143
344
532
731
621
219
449
723
931
197
848
329
708
113
613
25
161
55
199
885
280
440
72
31
345
835
33
95
180
212
787
107
745
908
483
590
980
10
172
260
496
560
774
24
515
756
24
401
545
435
129
81
738
208
623
346
823
145
22
395
71
919
341
800
707
405
7
752
36
308
100
526
308
76
689
865
206
783
432
504
911
591
144
523
677
269
625
478
